  0.887455,  0.493028, -0.493029
  0.888643,  0.492753, -0.497163
  0.889775,  0.492405, -0.501294
  0.890849,  0.491983, -0.505419
  0.891866,  0.491487, -0.509538
  0.892824,  0.490917, -0.513647
  0.893723,  0.490269, -0.517745
  0.894562,  0.489543, -0.521828
  0.895340,  0.488737, -0.525894
  0.896056,  0.487850, -0.529940
  0.896710,  0.486880, -0.533963
  0.897299,  0.485826, -0.537961
  0.897824,  0.484687, -0.541930
  0.898283,  0.483462, -0.545869
  0.898675,  0.482149, -0.549773
  0.898999,  0.480748, -0.553640
  0.899254,  0.479257, -0.557467
  0.899439,  0.477675, -0.561250
  0.899552,  0.476002, -0.564988
  0.899593,  0.474236, -0.568676
  0.899560,  0.472377, -0.572312
  0.899452,  0.470424, -0.575893
  0.899267,  0.468377, -0.579414
  0.899006,  0.466234, -0.582875
  0.898665,  0.463996, -0.586270
  0.898245,  0.461661, -0.589597
  0.897743,  0.459230, -0.592853
  0.897158,  0.456702, -0.596035
  0.896490,  0.454077, -0.599139
  0.895737,  0.451355, -0.602163
  0.894897,  0.448536, -0.605103
  0.893970,  0.445620, -0.607957
  0.892954,  0.442608, -0.610721
  0.891848,  0.439498, -0.613392
  0.890650,  0.436293, -0.615967
  0.889360,  0.432992, -0.618443
  0.887976,  0.429596, -0.620818
  0.886497,  0.426105, -0.623089
  0.884922,  0.422520, -0.625252
  0.883250,  0.418843, -0.627306
  0.881480,  0.415073, -0.629247
  0.879611,  0.411212, -0.631072
  0.877641,  0.407262, -0.632780
  0.875571,  0.403222, -0.634368
  0.873398,  0.399096, -0.635834
  0.871123,  0.394883, -0.637175
  0.868744,  0.390585, -0.638389
  0.866260,  0.386205, -0.639474
  0.863672,  0.381743, -0.640428
  0.860978,  0.377201, -0.641249
  0.858178,  0.372581, -0.641936
  0.855271,  0.367886, -0.642487
  0.852257,  0.363116, -0.642900
  0.849136,  0.358275, -0.643173
  0.845907,  0.353363, -0.643307
  0.842570,  0.348384, -0.643298
  0.839126,  0.343340, -0.643147
  0.835573,  0.338232, -0.642852
  0.831912,  0.333064, -0.642413
  0.828144,  0.327837, -0.641829
  0.824268,  0.322554, -0.641099
  0.820285,  0.317218, -0.640223
  0.816195,  0.311831, -0.639201
  0.811998,  0.306396, -0.638033
  0.807696,  0.300915, -0.636718
  0.803288,  0.295392, -0.635257
  0.798775,  0.289828, -0.633651
  0.794159,  0.284227, -0.631898
  0.789440,  0.278590, -0.630001
  0.784618,  0.272922, -0.627960
  0.779695,  0.267225, -0.625775
  0.774673,  0.261501, -0.623448
  0.769551,  0.255753, -0.620980
  0.764332,  0.249985, -0.618372
  0.759017,  0.244198, -0.615625
  0.753607,  0.238396, -0.612741
  0.748103,  0.232581, -0.609721
  0.742507,  0.226755, -0.606568
  0.736821,  0.220923, -0.603282
  0.731046,  0.215086, -0.599867
  0.725184,  0.209247, -0.596324
  0.719236,  0.203409, -0.592655
  0.713205,  0.197573, -0.588863
  0.707092,  0.191743, -0.584949
  0.700899,  0.185922, -0.580917
  0.694628,  0.180111, -0.576769
  0.688280,  0.174313, -0.572508
  0.681859,  0.168531, -0.568137
  0.675365,  0.162766, -0.563657
  0.668801,  0.157020, -0.559073
  0.662169,  0.151297, -0.554387
  0.655470,  0.145598, -0.549603
  0.648708,  0.139925, -0.544722
  0.641883,  0.134281, -0.539750
  0.634999,  0.128666, -0.534687
  0.628057,  0.123083, -0.529539
  0.621059,  0.117534, -0.524309
  0.614007,  0.112021, -0.518998
  0.606904,  0.106544, -0.513612
  0.599752,  0.101106, -0.508154
  0.592551,  0.095709, -0.502626
  0.585306,  0.090353, -0.497032
  0.578017,  0.085039, -0.491376
  0.570687,  0.079770, -0.485661
  0.563317,  0.074547, -0.479891
  0.555910,  0.069370, -0.474069
  0.548467,  0.064241, -0.468199
  0.540991,  0.059161, -0.462283
  0.533483,  0.054130, -0.456326
  0.525945,  0.049150, -0.450331
  0.518379,  0.044221, -0.444302
  0.510786,  0.039344, -0.438241
  0.503169,  0.034519, -0.432152
  0.495529,  0.029748, -0.426038
  0.487868,  0.025031, -0.419904
  0.480187,  0.020368, -0.413751
  0.472488,  0.015760, -0.407584
  0.464772,  0.011207, -0.401404
  0.457041,  0.006709, -0.395217
  0.449296,  0.002267, -0.389024
  0.441539, -0.002119, -0.382829
  0.433771, -0.006450, -0.376635
  0.425993, -0.010725, -0.370444
  0.418207, -0.014943, -0.364260
  0.410413, -0.019106, -0.358085
  0.402613, -0.023213, -0.351923
  0.394809, -0.027265, -0.345775
  0.387000, -0.031261, -0.339645
  0.379188, -0.035201, -0.333535
  0.371375, -0.039087, -0.327448
  0.363560, -0.042918, -0.321386
  0.355745, -0.046694, -0.315351
  0.347931, -0.050417, -0.309346
  0.340119, -0.054086, -0.303374
  0.332309, -0.057701, -0.297436
  0.324502, -0.061264, -0.291535
  0.316698, -0.064775, -0.285672
  0.308899, -0.068235, -0.279849
  0.301105, -0.071643, -0.274070
  0.293317, -0.075001, -0.268335
  0.285535, -0.078309, -0.262646
  0.277759, -0.081567, -0.257005
  0.269990, -0.084778, -0.251413
  0.262230, -0.087940, -0.245873
  0.254477, -0.091055, -0.240386
  0.246732, -0.094123, -0.234953
  0.238997, -0.097146, -0.229576
  0.231270, -0.100124, -0.224255
  0.223553, -0.103057, -0.218993
  0.215846, -0.105947, -0.213791
  0.208149, -0.108794, -0.208649
  0.200462, -0.111599, -0.203569
  0.192786, -0.114362, -0.198552
  0.185121, -0.117086, -0.193599
  0.177467, -0.119769, -0.188711
  0.169823, -0.122414, -0.183888
  0.162192, -0.125021, -0.179131
  0.154571, -0.127590, -0.174442
  0.146963, -0.130123, -0.169821
  0.139366, -0.132621, -0.165268
  0.131781, -0.135083, -0.160784
  0.124209, -0.137512, -0.156370
  0.116649, -0.139907, -0.152026
  0.109100, -0.142270, -0.147753
  0.101565, -0.144602, -0.143550
  0.094042, -0.146902, -0.139419
  0.086531, -0.149172, -0.135360
  0.079034, -0.151414, -0.131373
  0.071549, -0.153626, -0.127457
  0.064077, -0.155812, -0.123615
  0.056618, -0.157970, -0.119844
  0.049172, -0.160102, -0.116147
  0.041739, -0.162208, -0.112522
  0.034320, -0.164290, -0.108969
  0.026913, -0.166348, -0.105490
  0.019521, -0.168383, -0.102083
  0.012142, -0.170395, -0.098749
  0.004776, -0.172385, -0.095487
 -0.002576, -0.174354, -0.092298
 -0.009914, -0.176303, -0.089181
 -0.017238, -0.178232, -0.086136
 -0.024547, -0.180143, -0.083163
 -0.031843, -0.182034, -0.080262
 -0.039124, -0.183908, -0.077432
 -0.046391, -0.185765, -0.074673
 -0.053643, -0.187605, -0.071985
 -0.060881, -0.189429, -0.069367
 -0.068103, -0.191238, -0.066819
 -0.075311, -0.193033, -0.064342
 -0.082503, -0.194813, -0.061933
 -0.089679, -0.196580, -0.059594
 -0.096840, -0.198333, -0.057323
 -0.103985, -0.200074, -0.055120
 -0.111114, -0.201803, -0.052985
 -0.118227, -0.203521, -0.050917
 -0.125323, -0.205228, -0.048916
 -0.132403, -0.206924, -0.046981
 -0.139465, -0.208611, -0.045111
 -0.146510, -0.210288, -0.043307
 -0.153538, -0.211955, -0.041568
 -0.160548, -0.213615, -0.039893
 -0.167540, -0.215266, -0.038281
 -0.174514, -0.216909, -0.036732
 -0.181469, -0.218545, -0.035246
 -0.188405, -0.220175, -0.033822
 -0.195322, -0.221797, -0.032459
 -0.202219, -0.223414, -0.031157
 -0.209097, -0.225025, -0.029916
 -0.215954, -0.226630, -0.028733
 -0.222791, -0.228230, -0.027610
 -0.229607, -0.229826, -0.026545
 -0.236401, -0.231417, -0.025538
 -0.243174, -0.233003, -0.024588
 -0.249926, -0.234586, -0.023695
 -0.256654, -0.236166, -0.022858
 -0.263360, -0.237742, -0.022076
 -0.270043, -0.239315, -0.021349
 -0.276703, -0.240886, -0.020676
 -0.283338, -0.242454, -0.020056
 -0.289949, -0.244020, -0.019489
 -0.296535, -0.245583, -0.018975
 -0.303097, -0.247145, -0.018512
 -0.309632, -0.248706, -0.018101
 -0.316142, -0.250265, -0.017739
 -0.322625, -0.251822, -0.017428
 -0.329081, -0.253379, -0.017166
 -0.335510, -0.254935, -0.016952
 -0.341911, -0.256490, -0.016786
 -0.348284, -0.258045, -0.016668
 -0.354628, -0.259599, -0.016596
 -0.360942, -0.261153, -0.016570
 -0.367228, -0.262707, -0.016590
 -0.373483, -0.264260, -0.016655
 -0.379707, -0.265814, -0.016764
 -0.385900, -0.267368, -0.016917
 -0.392062, -0.268923, -0.017112
 -0.398192, -0.270478, -0.017351
 -0.404289, -0.272033, -0.017631
 -0.410353, -0.273588, -0.017952
 -0.416384, -0.275145, -0.018314
 -0.422381, -0.276702, -0.018716
 -0.428343, -0.278259, -0.019158
 -0.434270, -0.279818, -0.019639
 -0.440162, -0.281377, -0.020157
 -0.446018, -0.282937, -0.020714
 -0.451837, -0.284498, -0.021308
 -0.457620, -0.286060, -0.021938
 -0.463365, -0.287622, -0.022604
 -0.469072, -0.289185, -0.023306
 -0.474740, -0.290750, -0.024043
 -0.480370, -0.292315, -0.024813
 -0.485960, -0.293880, -0.025618
 -0.491511, -0.295447, -0.026455
 -0.497021, -0.297014, -0.027325
 -0.502490, -0.298582, -0.028227
 -0.507917, -0.300151, -0.029161
 -0.513303, -0.301721, -0.030125
 -0.518646, -0.303291, -0.031119
 -0.523946, -0.304861, -0.032143
 -0.529203, -0.306432, -0.033196
 -0.534417, -0.308003, -0.034278
 -0.539586, -0.309575, -0.035387
 -0.544710, -0.311146, -0.036524
 -0.549788, -0.312718, -0.037688
 -0.554821, -0.314290, -0.038878
 -0.559808, -0.315862, -0.040093
 -0.564748, -0.317434, -0.041334
 -0.569641, -0.319005, -0.042599
 -0.574487, -0.320576, -0.043888
 -0.579284, -0.322146, -0.045200
 -0.584033, -0.323716, -0.046535
 -0.588732, -0.325285, -0.047893
 -0.593383, -0.326853, -0.049271
 -0.597983, -0.328420, -0.050671
 -0.602533, -0.329986, -0.052091
 -0.607033, -0.331550, -0.053531
 -0.611481, -0.333113, -0.054990
 -0.615878, -0.334675, -0.056468
 -0.620222, -0.336234, -0.057964
 -0.624514, -0.337791, -0.059477
 -0.628754, -0.339347, -0.061006
 -0.632940, -0.340899, -0.062552
 -0.637072, -0.342450, -0.064113
 -0.641150, -0.343997, -0.065689
 -0.645174, -0.345542, -0.067280
 -0.649143, -0.347084, -0.068884
 -0.653057, -0.348622, -0.070501
 -0.656916, -0.350156, -0.072130
 -0.660718, -0.351687, -0.073770
 -0.664464, -0.353214, -0.075422
 -0.668153, -0.354737, -0.077084
 -0.671786, -0.356256, -0.078755
 -0.675361, -0.357770, -0.080436
 -0.678878, -0.359279, -0.082124
 -0.682337, -0.360783, -0.083820
 -0.685738, -0.362281, -0.085523
 -0.689081, -0.363774, -0.087232
 -0.692364, -0.365262, -0.088946
 -0.695588, -0.366743, -0.090665
 -0.698752, -0.368218, -0.092387
 -0.701857, -0.369686, -0.094113
 -0.704901, -0.371147, -0.095841
 -0.707885, -0.372602, -0.097571
 -0.710809, -0.374049, -0.099301
 -0.713671, -0.375488, -0.101032
 -0.716472, -0.376920, -0.102761
 -0.719212, -0.378343, -0.104489
 -0.721890, -0.379758, -0.106215
 -0.724506, -0.381164, -0.107937
 -0.727060, -0.382561, -0.109656
 -0.729552, -0.383949, -0.111369
 -0.731981, -0.385327, -0.113077
 -0.734347, -0.386696, -0.114777
 -0.736651, -0.388054, -0.116471
 -0.738891, -0.389401, -0.118156
 -0.741068, -0.390738, -0.119832
 -0.743182, -0.392063, -0.121497
 -0.745232, -0.393378, -0.123152
 -0.747218, -0.394680, -0.124794
 -0.749140, -0.395970, -0.126424
 -0.750999, -0.397248, -0.128039
 -0.752793, -0.398513, -0.129640
 -0.754523, -0.399766, -0.131225
 -0.756189, -0.401004, -0.132793
 -0.757790, -0.402230, -0.134343
 -0.759326, -0.403441, -0.135875
 -0.760798, -0.404638, -0.137386
 -0.762206, -0.405820, -0.138877
 -0.763548, -0.406987, -0.140347
 -0.764826, -0.408139, -0.141793
 -0.766039, -0.409275, -0.143216
 -0.767188, -0.410395, -0.144614
 -0.768271, -0.411499, -0.145986
 -0.769289, -0.412587, -0.147330
 -0.770243, -0.413657, -0.148647
 -0.771132, -0.414710, -0.149935
 -0.771956, -0.415745, -0.151193
 -0.772715, -0.416763, -0.152420
 -0.773409, -0.417762, -0.153614
 -0.774039, -0.418742, -0.154775
 -0.774604, -0.419704, -0.155901
 -0.775104, -0.420646, -0.156992
 -0.775540, -0.421568, -0.158046
 -0.775911, -0.422471, -0.159063
 -0.776218, -0.423353, -0.160041
 -0.776461, -0.424215, -0.160979
 -0.776640, -0.425055, -0.161876
 -0.776754, -0.425874, -0.162730
 -0.776805, -0.426672, -0.163542
 -0.776792, -0.427448, -0.164309
 -0.776715, -0.428201, -0.165031
 -0.776575, -0.428932, -0.165707
 -0.776372, -0.429640, -0.166335
 -0.776105, -0.430325, -0.166915
 -0.775776, -0.430987, -0.167444
 -0.775384, -0.431624, -0.167924
 -0.774929, -0.432238, -0.168351
 -0.774412, -0.432827, -0.168726
 -0.773833, -0.433391, -0.169046
 -0.773192, -0.433930, -0.169312
 -0.772489, -0.434444, -0.169522
 -0.771725, -0.434933, -0.169676
 -0.770900, -0.435396, -0.169771
 -0.770014, -0.435832, -0.169808
 -0.769067, -0.436243, -0.169784
 -0.768060, -0.436626, -0.169701
 -0.766993, -0.436983, -0.169555
 -0.765866, -0.437313, -0.169347
 -0.764680, -0.437615, -0.169076
 -0.763434, -0.437890, -0.168740
 -0.762130, -0.438137, -0.168340
 -0.760767, -0.438355, -0.167873
 -0.759345, -0.438546, -0.167340
 -0.757866, -0.438708, -0.166739
 -0.756329, -0.438841, -0.166070
 -0.754735, -0.438945, -0.165333
 -0.753084, -0.439021, -0.164525
 -0.751377, -0.439067, -0.163648
 -0.749613, -0.439083, -0.162699
 -0.747793, -0.439070, -0.161679
 -0.745918, -0.439027, -0.160588
 -0.743987, -0.438954, -0.159423
 -0.742002, -0.438851, -0.158186
 -0.739962, -0.438718, -0.156875
 -0.737868, -0.438554, -0.155490
 -0.735721, -0.438360, -0.154031
 -0.733520, -0.438135, -0.152498
 -0.731266, -0.437879, -0.150889
 -0.728960, -0.437593, -0.149205
 -0.726601, -0.437275, -0.147446
 -0.724191, -0.436927, -0.145611
 -0.721729, -0.436547, -0.143701
 -0.719216, -0.436136, -0.141714
 -0.716652, -0.435694, -0.139652
 -0.714038, -0.435221, -0.137514
 -0.711374, -0.434716, -0.135300
 -0.708660, -0.434180, -0.133010
 -0.705898, -0.433612, -0.130644
 -0.703086, -0.433013, -0.128203
 -0.700226, -0.432383, -0.125686
 -0.697318, -0.431721, -0.123095
 -0.694362, -0.431028, -0.120429
 -0.691359, -0.430303, -0.117688
 -0.688308, -0.429547, -0.114873
 -0.685211, -0.428759, -0.111985
 -0.682068, -0.427940, -0.109023
 -0.678879, -0.427090, -0.105989
 -0.675644, -0.426209, -0.102883
 -0.672364, -0.425296, -0.099706
 -0.669039, -0.424352, -0.096458
 -0.665669, -0.423377, -0.093140
 -0.662255, -0.422372, -0.089754
 -0.658796, -0.421335, -0.086298
 -0.655294, -0.420267, -0.082776
 -0.651749, -0.419169, -0.079186
 -0.648160, -0.418040, -0.075532
 -0.644529, -0.416881, -0.071812
 -0.640855, -0.415692, -0.068029
 -0.637139, -0.414472, -0.064184
 -0.633381, -0.413222, -0.060277
 -0.629581, -0.411943, -0.056310
 -0.625739, -0.410633, -0.052285
 -0.621856, -0.409294, -0.048201
 -0.617933, -0.407926, -0.044061
 -0.613968, -0.406528, -0.039866
 -0.609963, -0.405102, -0.035618
 -0.605917, -0.403646, -0.031317
 -0.601831, -0.402162, -0.026965
 -0.597705, -0.400649, -0.022564
 -0.593539, -0.399108, -0.018114
 -0.589334, -0.397539, -0.013619
 -0.585089, -0.395941, -0.009079
 -0.580805, -0.394317, -0.004495
 -0.576482, -0.392664,  0.000130
 -0.572120, -0.390985,  0.004795
 -0.567719, -0.389278,  0.009499
 -0.563279, -0.387545,  0.014239
 -0.558800, -0.385785,  0.019014
 -0.554284, -0.383998,  0.023822
 -0.549728, -0.382186,  0.028662
 -0.545135, -0.380348,  0.033531
 -0.540503, -0.378484,  0.038428
 -0.535834, -0.376594,  0.043351
 -0.531126, -0.374680,  0.048299
 -0.526380, -0.372741,  0.053269
 -0.521597, -0.370777,  0.058260
 -0.516776, -0.368789,  0.063269
 -0.511917, -0.366777,  0.068296
 -0.507021, -0.364741,  0.073337
 -0.502087, -0.362682,  0.078392
 -0.497115, -0.360599,  0.083459
 -0.492107, -0.358493,  0.088535
 -0.487060, -0.356365,  0.093619
 -0.481977, -0.354214,  0.098709
 -0.476856, -0.352041,  0.103803
 -0.471698, -0.349846,  0.108899
 -0.466503, -0.347630,  0.113996
 -0.461270, -0.345392,  0.119091
 -0.456000, -0.343133,  0.124184
 -0.450694, -0.340854,  0.129271
 -0.445350, -0.338553,  0.134352
 -0.439969, -0.336233,  0.139424
 -0.434552, -0.333893,  0.144487
 -0.429097, -0.331533,  0.149537
 -0.423605, -0.329154,  0.154575
 -0.418077, -0.326756,  0.159596
 -0.412512, -0.324339,  0.164602
 -0.406910, -0.321904,  0.169588
 -0.401272, -0.319450,  0.174555
 -0.395596, -0.316979,  0.179500
 -0.389885, -0.314489,  0.184422
 -0.384137, -0.311983,  0.189319
 -0.378352, -0.309460,  0.194190
 -0.372531, -0.306919,  0.199034
 -0.366674, -0.304363,  0.203848
 -0.360780, -0.301790,  0.208632
 -0.354851, -0.299201,  0.213385
 -0.348886, -0.296597,  0.218104
 -0.342884, -0.293977,  0.222789
 -0.336848, -0.291343,  0.227438
 -0.330775, -0.288693,  0.232050
 -0.324667, -0.286029,  0.236625
 -0.318524, -0.283351,  0.241160
 -0.312345, -0.280659,  0.245655
 -0.306132, -0.277954,  0.250108
 -0.299883, -0.275235,  0.254520
 -0.293600, -0.272503,  0.258888
 -0.287283, -0.269758,  0.263211
 -0.280931, -0.267001,  0.267489
 -0.274545, -0.264232,  0.271722
 -0.268125, -0.261451,  0.275907
 -0.261672, -0.258658,  0.280044
 -0.255185, -0.255853,  0.284133
 -0.248665, -0.253038,  0.288173
 -0.242112, -0.250212,  0.292163
 -0.235526, -0.247375,  0.296103
 -0.228909, -0.244528,  0.299991
 -0.222259, -0.241671,  0.303828
 -0.215577, -0.238804,  0.307612
 -0.208864, -0.235927,  0.311344
 -0.202120, -0.233042,  0.315023
 -0.195345, -0.230147,  0.318648
 -0.188539, -0.227244,  0.322219
 -0.181704, -0.224332,  0.325737
 -0.174839, -0.221413,  0.329199
 -0.167944, -0.218485,  0.332607
 -0.161021, -0.215549,  0.335960
 -0.154069, -0.212606,  0.339259
 -0.147089, -0.209656,  0.342501
 -0.140081, -0.206699,  0.345689
 -0.133046, -0.203735,  0.348821
 -0.125984, -0.200765,  0.351897
 -0.118896, -0.197788,  0.354919
 -0.111782, -0.194806,  0.357884
 -0.104642, -0.191818,  0.360795
 -0.097478, -0.188824,  0.363650
 -0.090289, -0.185825,  0.366450
 -0.083076, -0.182821,  0.369195
 -0.075840, -0.179812,  0.371886
 -0.068581, -0.176798,  0.374521
 -0.061299, -0.173780,  0.377103
 -0.053996, -0.170758,  0.379630
 -0.046672, -0.167731,  0.382104
 -0.039326, -0.164701,  0.384524
 -0.031961, -0.161667,  0.386892
 -0.024577, -0.158630,  0.389206
 -0.017173, -0.155590,  0.391468
 -0.009751, -0.152546,  0.393679
 -0.002311, -0.149500,  0.395838
  0.005145, -0.146451,  0.397946
  0.012619, -0.143399,  0.400004
  0.020108, -0.140345,  0.402011
  0.027612, -0.137289,  0.403970
  0.035131, -0.134231,  0.405879
  0.042664, -0.131171,  0.407740
  0.050210, -0.128109,  0.409553
  0.057768, -0.125045,  0.411320
  0.065339, -0.121980,  0.413039
  0.072921, -0.118914,  0.414713
  0.080513, -0.115847,  0.416342
  0.088115, -0.112778,  0.417926
  0.095727, -0.109708,  0.419466
  0.103347, -0.106638,  0.420962
  0.110974, -0.103567,  0.422417
  0.118609, -0.100495,  0.423829
  0.126250, -0.097423,  0.425200
  0.133897, -0.094350,  0.426531
  0.141548, -0.091277,  0.427822
  0.149204, -0.088203,  0.429074
  0.156863, -0.085129,  0.430287
  0.164525, -0.082055,  0.431464
  0.172188, -0.078981,  0.432603
  0.179853, -0.075906,  0.433707
  0.187519, -0.072832,  0.434775
  0.195184, -0.069758,  0.435809
  0.202848, -0.066683,  0.436809
  0.210510, -0.063609,  0.437776
  0.218170, -0.060534,  0.438711
  0.225826, -0.057460,  0.439615
  0.233478, -0.054385,  0.440488
  0.241125, -0.051311,  0.441331
  0.248767, -0.048236,  0.442145
  0.256402, -0.045162,  0.442931
  0.264030, -0.042088,  0.443690
  0.271650, -0.039013,  0.444422
  0.279261, -0.035938,  0.445127
  0.286863, -0.032863,  0.445808
  0.294454, -0.029788,  0.446465
  0.302034, -0.026713,  0.447097
  0.309603, -0.023637,  0.447707
  0.317158, -0.020560,  0.448295
  0.324700, -0.017484,  0.448861
  0.332228, -0.014406,  0.449407
  0.339740, -0.011328,  0.449933
  0.347237, -0.008248,  0.450440
  0.354717, -0.005168,  0.450928
  0.362179, -0.002087,  0.451399
  0.369623,  0.000996,  0.451853
  0.377048,  0.004080,  0.452290
  0.384453,  0.007165,  0.452713
  0.391838,  0.010253,  0.453120
  0.399200,  0.013342,  0.453513
  0.406541,  0.016433,  0.453893
  0.413858,  0.019526,  0.454260
  0.421151,  0.022622,  0.454615
  0.428420,  0.025720,  0.454959
  0.435662,  0.028821,  0.455291
  0.442879,  0.031926,  0.455614
  0.450068,  0.035033,  0.455927
  0.457229,  0.038144,  0.456232
  0.464362,  0.041258,  0.456528
  0.471464,  0.044376,  0.456816
  0.478536,  0.047499,  0.457098
  0.485577,  0.050625,  0.457373
  0.492586,  0.053756,  0.457642
  0.499561,  0.056893,  0.457906
  0.506503,  0.060034,  0.458165
  0.513410,  0.063181,  0.458420
  0.520282,  0.066333,  0.458671
  0.527117,  0.069491,  0.458919
  0.533916,  0.072656,  0.459165
  0.540676,  0.075826,  0.459408
  0.547398,  0.079004,  0.459649
  0.554080,  0.082189,  0.459890
  0.560722,  0.085381,  0.460129
  0.567322,  0.088581,  0.460368
  0.573881,  0.091789,  0.460608
  0.580396,  0.095005,  0.460848
  0.586868,  0.098230,  0.461089
  0.593296,  0.101464,  0.461331
  0.599678,  0.104707,  0.461575
  0.606013,  0.107960,  0.461821
  0.612302,  0.111223,  0.462070
  0.618543,  0.114495,  0.462321
  0.624735,  0.117779,  0.462576
  0.630878,  0.121073,  0.462834
  0.636970,  0.124379,  0.463096
  0.643012,  0.127696,  0.463362
  0.649001,  0.131026,  0.463632
  0.654937,  0.134367,  0.463907
  0.660820,  0.137721,  0.464186
  0.666648,  0.141088,  0.464471
  0.672421,  0.144469,  0.464761
  0.678138,  0.147863,  0.465056
  0.683798,  0.151271,  0.465357
  0.689401,  0.154693,  0.465664
  0.694944,  0.158130,  0.465977
  0.700429,  0.161582,  0.466296
  0.705853,  0.165048,  0.466621
  0.711216,  0.168531,  0.466953
  0.716518,  0.172029,  0.467290
  0.721757,  0.175544,  0.467635
  0.726932,  0.179075,  0.467986
  0.732044,  0.182623,  0.468343
  0.737090,  0.186188,  0.468707
  0.742071,  0.189770,  0.469078
  0.746985,  0.193370,  0.469456
  0.751831,  0.196988,  0.469840
  0.756610,  0.200624,  0.470230
  0.761320,  0.204278,  0.470627
  0.765960,  0.207951,  0.471031
  0.770530,  0.211642,  0.471440
  0.775029,  0.215353,  0.471856
  0.779455,  0.219083,  0.472278
  0.783810,  0.222832,  0.472706
  0.788090,  0.226601,  0.473140
  0.792297,  0.230390,  0.473580
  0.796429,  0.234199,  0.474025
  0.800486,  0.238027,  0.474475
  0.804466,  0.241876,  0.474929
  0.808369,  0.245745,  0.475389
  0.812195,  0.249634,  0.475853
  0.815943,  0.253544,  0.476322
  0.819611,  0.257474,  0.476794
  0.823200,  0.261424,  0.477269
  0.826709,  0.265395,  0.477748
  0.830137,  0.269386,  0.478230
  0.833484,  0.273398,  0.478714
  0.836749,  0.277429,  0.479200
  0.839931,  0.281481,  0.479688
  0.843030,  0.285552,  0.480177
  0.846045,  0.289644,  0.480667
  0.848976,  0.293755,  0.481158
  0.851821,  0.297885,  0.481648
  0.854582,  0.302035,  0.482137
  0.857257,  0.306203,  0.482626
  0.859845,  0.310390,  0.483112
  0.862347,  0.314595,  0.483597
  0.864761,  0.318818,  0.484078
  0.867088,  0.323059,  0.484557
  0.869327,  0.327316,  0.485031
  0.871477,  0.331590,  0.485501
  0.873538,  0.335880,  0.485966
  0.875511,  0.340185,  0.486424
  0.877393,  0.344505,  0.486877
  0.879186,  0.348839,  0.487322
  0.880889,  0.353187,  0.487760
  0.882501,  0.357548,  0.488188
  0.884023,  0.361920,  0.488608
  0.885454,  0.366304,  0.489018
  0.886794,  0.370698,  0.489417
  0.888043,  0.375102,  0.489805
  0.889201,  0.379514,  0.490180
  0.890267,  0.383933,  0.490543
  0.891242,  0.388360,  0.490892
  0.892125,  0.392791,  0.491226
  0.892917,  0.397227,  0.491545
  0.893617,  0.401666,  0.491848
  0.894225,  0.406107,  0.492135
  0.894742,  0.410549,  0.492403
  0.895167,  0.414990,  0.492653
  0.895501,  0.419430,  0.492884
  0.895744,  0.423865,  0.493094
  0.895896,  0.428296,  0.493283
  0.895957,  0.432721,  0.493451
  0.895928,  0.437137,  0.493596
  0.895808,  0.441544,  0.493717
  0.895598,  0.445940,  0.493814
  0.895298,  0.450323,  0.493885
  0.894909,  0.454691,  0.493931
  0.894431,  0.459042,  0.493949
  0.893864,  0.463376,  0.493940
  0.893209,  0.467689,  0.493903
  0.892466,  0.471980,  0.493835
  0.891636,  0.476247,  0.493738
  0.890720,  0.480487,  0.493610
  0.889717,  0.484700,  0.493450
  0.888629,  0.488882,  0.493257
  0.887456,  0.493031,  0.493031
  0.886198,  0.497145,  0.492771
  0.884857,  0.501223,  0.492475
  0.883433,  0.505261,  0.492145
  0.881927,  0.509258,  0.491777
  0.880340,  0.513211,  0.491373
  0.878671,  0.517117,  0.490931
  0.876924,  0.520975,  0.490451
  0.875097,  0.524782,  0.489931
  0.873192,  0.528535,  0.489372
  0.871209,  0.532232,  0.488772
  0.869151,  0.535870,  0.488132
  0.867017,  0.539447,  0.487450
  0.864808,  0.542961,  0.486726
  0.862526,  0.546408,  0.485960
  0.860171,  0.549786,  0.485150
  0.857745,  0.553093,  0.484298
  0.855249,  0.556326,  0.483401
  0.852683,  0.559483,  0.482461
  0.850048,  0.562560,  0.481475
  0.847346,  0.565556,  0.480445
  0.844578,  0.568468,  0.479370
  0.841745,  0.571292,  0.478250
  0.838848,  0.574028,  0.477084
  0.835887,  0.576671,  0.475872
  0.832865,  0.579221,  0.474615
  0.829781,  0.581673,  0.473311
  0.826638,  0.584026,  0.471962
  0.823437,  0.586278,  0.470566
  0.820178,  0.588425,  0.469125
  0.816862,  0.590466,  0.467637
  0.813491,  0.592399,  0.466104
  0.810066,  0.594220,  0.464525
  0.806588,  0.595929,  0.462901
  0.803058,  0.597522,  0.461231
  0.799476,  0.598998,  0.459517
  0.795845,  0.600354,  0.457758
  0.792165,  0.601590,  0.455955
  0.788437,  0.602702,  0.454108
  0.784662,  0.603689,  0.452218
  0.780842,  0.604550,  0.450285
  0.776976,  0.605282,  0.448309
  0.773067,  0.605885,  0.446292
  0.769114,  0.606356,  0.444234
  0.765119,  0.606695,  0.442136
  0.761083,  0.606899,  0.439997
  0.757007,  0.606968,  0.437820
  0.752891,  0.606901,  0.435605
  0.748736,  0.606697,  0.433353
  0.744543,  0.606354,  0.431064
  0.740313,  0.605872,  0.428740
  0.736046,  0.605251,  0.426381
  0.731744,  0.604489,  0.423988
  0.727406,  0.603587,  0.421563
  0.723033,  0.602543,  0.419107
  0.718626,  0.601358,  0.416620
  0.714185,  0.600032,  0.414104
  0.709711,  0.598564,  0.411560
  0.705205,  0.596954,  0.408989
  0.700666,  0.595203,  0.406392
  0.696095,  0.593312,  0.403771
  0.691492,  0.591279,  0.401126
  0.686858,  0.589107,  0.398459
  0.682193,  0.586796,  0.395772
  0.677497,  0.584346,  0.393065
  0.672770,  0.581758,  0.390340
  0.668012,  0.579034,  0.387599
  0.663224,  0.576175,  0.384842
  0.658406,  0.573181,  0.382071
  0.653557,  0.570054,  0.379287
  0.648678,  0.566796,  0.376493
  0.643768,  0.563407,  0.373688
  0.638828,  0.559891,  0.370875
  0.633857,  0.556248,  0.368055
  0.628856,  0.552480,  0.365229
  0.623823,  0.548590,  0.362399
  0.618759,  0.544578,  0.359567
  0.613664,  0.540449,  0.356732
  0.608537,  0.536202,  0.353898
  0.603379,  0.531842,  0.351065
  0.598188,  0.527370,  0.348234
  0.592964,  0.522789,  0.345408
  0.587708,  0.518101,  0.342587
  0.582419,  0.513309,  0.339772
  0.577095,  0.508415,  0.336966
  0.571738,  0.503422,  0.334169
  0.566346,  0.498334,  0.331382
  0.560920,  0.493152,  0.328607
  0.555458,  0.487880,  0.325845
  0.549961,  0.482521,  0.323098
  0.544427,  0.477077,  0.320365
  0.538857,  0.471551,  0.317649
  0.533249,  0.465948,  0.314951
  0.527605,  0.460269,  0.312272
  0.521922,  0.454517,  0.309612
  0.516201,  0.448697,  0.306973
  0.510440,  0.442811,  0.304356
  0.504641,  0.436862,  0.301761
  0.498802,  0.430853,  0.299191
  0.492923,  0.424788,  0.296645
  0.487003,  0.418669,  0.294124
  0.481043,  0.412500,  0.291630
  0.475041,  0.406284,  0.289163
  0.468997,  0.400025,  0.286723
  0.462912,  0.393725,  0.284312
  0.456784,  0.387387,  0.281931
  0.450614,  0.381015,  0.279579
  0.444400,  0.374611,  0.277258
  0.438144,  0.368179,  0.274968
  0.431844,  0.361722,  0.272710
  0.425501,  0.355243,  0.270484
  0.419113,  0.348745,  0.268291
  0.412682,  0.342230,  0.266131
  0.406207,  0.335702,  0.264004
  0.399688,  0.329163,  0.261911
  0.393124,  0.322617,  0.259852
  0.386516,  0.316066,  0.257828
  0.379864,  0.309513,  0.255838
  0.373168,  0.302960,  0.253884
  0.366427,  0.296410,  0.251964
  0.359643,  0.289866,  0.250080
  0.352814,  0.283331,  0.248232
  0.345942,  0.276806,  0.246419
  0.339026,  0.270294,  0.244642
  0.332066,  0.263798,  0.242900
  0.325064,  0.257320,  0.241195
  0.318018,  0.250862,  0.239525
  0.310930,  0.244426,  0.237890
  0.303800,  0.238014,  0.236292
  0.296628,  0.231629,  0.234729
  0.289414,  0.225273,  0.233201
  0.282160,  0.218946,  0.231709
  0.274865,  0.212652,  0.230252
  0.267530,  0.206392,  0.228830
  0.260155,  0.200168,  0.227443
  0.252742,  0.193981,  0.226091
  0.245290,  0.187834,  0.224772
  0.237800,  0.181727,  0.223489
  0.230274,  0.175662,  0.222238
  0.222711,  0.169640,  0.221022
  0.215112,  0.163664,  0.219839
  0.207478,  0.157733,  0.218689
  0.199811,  0.151850,  0.217571
  0.192109,  0.146016,  0.216486
  0.184375,  0.140231,  0.215434
  0.176610,  0.134497,  0.214412
  0.168813,  0.128815,  0.213422
  0.160986,  0.123185,  0.212463
  0.153130,  0.117608,  0.211535
  0.145246,  0.112086,  0.210637
  0.137334,  0.106619,  0.209769
  0.129396,  0.101208,  0.208930
  0.121432,  0.095853,  0.208120
  0.113443,  0.090555,  0.207339
  0.105431,  0.085314,  0.206586
  0.097397,  0.080131,  0.205861
  0.089341,  0.075007,  0.205164
  0.081264,  0.069941,  0.204493
  0.073168,  0.064934,  0.203850
  0.065053,  0.059987,  0.203232
  0.056921,  0.055099,  0.202640
  0.048773,  0.050271,  0.202074
  0.040609,  0.045502,  0.201533
  0.032432,  0.040793,  0.201016
  0.024241,  0.036144,  0.200524
  0.016038,  0.031556,  0.200055
  0.007824,  0.027026,  0.199610
 -0.000399,  0.022557,  0.199188
 -0.008632,  0.018148,  0.198789
 -0.016871,  0.013797,  0.198412
 -0.025117,  0.009506,  0.198057
 -0.033369,  0.005274,  0.197724
 -0.041624,  0.001101,  0.197412
 -0.049883, -0.003013,  0.197120
 -0.058144, -0.007070,  0.196850
 -0.066405, -0.011069,  0.196599
 -0.074666, -0.015010,  0.196368
 -0.082925, -0.018895,  0.196157
 -0.091182, -0.022723,  0.195964
 -0.099435, -0.026495,  0.195791
 -0.107683, -0.030211,  0.195636
 -0.115925, -0.033873,  0.195499
 -0.124160, -0.037480,  0.195381
 -0.132387, -0.041033,  0.195280
 -0.140604, -0.044534,  0.195196
 -0.148811, -0.047981,  0.195129
 -0.157006, -0.051377,  0.195079
 -0.165188, -0.054721,  0.195045
 -0.173356, -0.058015,  0.195027
 -0.181510, -0.061259,  0.195026
 -0.189647, -0.064454,  0.195040
 -0.197767, -0.067600,  0.195070
 -0.205868, -0.070699,  0.195114
 -0.213950, -0.073751,  0.195174
 -0.222012, -0.076756,  0.195248
 -0.230052, -0.079716,  0.195337
 -0.238069, -0.082632,  0.195440
 -0.246063, -0.085504,  0.195557
 -0.254031, -0.088333,  0.195688
 -0.261974, -0.091120,  0.195832
 -0.269890, -0.093866,  0.195990
 -0.277777, -0.096571,  0.196161
 -0.285636, -0.099236,  0.196344
 -0.293465, -0.101863,  0.196541
 -0.301262, -0.104452,  0.196750
 -0.309027, -0.107005,  0.196971
 -0.316759, -0.109521,  0.197205
 -0.324456, -0.112002,  0.197450
 -0.332119, -0.114448,  0.197708
 -0.339745, -0.116862,  0.197976
 -0.347334, -0.119242,  0.198257
 -0.354884, -0.121592,  0.198548
 -0.362395, -0.123910,  0.198850
 -0.369866, -0.126199,  0.199164
 -0.377296, -0.128458,  0.199487
 -0.384684, -0.130690,  0.199822
 -0.392028, -0.132895,  0.200166
 -0.399329, -0.135073,  0.200521
 -0.406584, -0.137227,  0.200886
 -0.413793, -0.139355,  0.201260
 -0.420956, -0.141461,  0.201644
 -0.428070, -0.143543,  0.202037
 -0.435136, -0.145604,  0.202439
 -0.442152, -0.147645,  0.202850
 -0.449118, -0.149665,  0.203270
 -0.456032, -0.151666,  0.203698
 -0.462894, -0.153649,  0.204135
 -0.469703, -0.155615,  0.204580
 -0.476457, -0.157565,  0.205032
 -0.483157, -0.159499,  0.205493
 -0.489801, -0.161418,  0.205960
 -0.496389, -0.163323,  0.206435
 -0.502919, -0.165216,  0.206917
 -0.509391, -0.167096,  0.207406
 -0.515804, -0.168965,  0.207901
 -0.522157, -0.170824,  0.208402
 -0.528449, -0.172673,  0.208910
 -0.534681, -0.174513,  0.209423
 -0.540850, -0.176345,  0.209941
 -0.546956, -0.178170,  0.210465
 -0.552999, -0.179988,  0.210994
 -0.558978, -0.181801,  0.211527
 -0.564891, -0.183609,  0.212065
 -0.570739, -0.185413,  0.212606
 -0.576521, -0.187213,  0.213152
 -0.582235, -0.189011,  0.213700
 -0.587882, -0.190807,  0.214252
 -0.593460, -0.192602,  0.214807
 -0.598970, -0.194396,  0.215364
 -0.604410, -0.196191,  0.215923
 -0.609779, -0.197986,  0.216483
 -0.615078, -0.199783,  0.217045
 -0.620306, -0.201583,  0.217608
 -0.625462, -0.203385,  0.218171
 -0.630545, -0.205191,  0.218735
 -0.635555, -0.207001,  0.219298
 -0.640492, -0.208816,  0.219861
 -0.645355, -0.210636,  0.220422
 -0.650144, -0.212462,  0.220982
 -0.654857, -0.214295,  0.221540
 -0.659496, -0.216135,  0.222096
 -0.664059, -0.217983,  0.222648
 -0.668545, -0.219839,  0.223197
 -0.672955, -0.221703,  0.223743
 -0.677289, -0.223577,  0.224284
 -0.681545, -0.225460,  0.224820
 -0.685723, -0.227354,  0.225350
 -0.689824, -0.229258,  0.225875
 -0.693846, -0.231174,  0.226393
 -0.697791, -0.233100,  0.226904
 -0.701656, -0.235039,  0.227408
 -0.705443, -0.236990,  0.227903
 -0.709151, -0.238953,  0.228390
 -0.712780, -0.240930,  0.228868
 -0.716329, -0.242919,  0.229335
 -0.719798, -0.244922,  0.229792
 -0.723189, -0.246940,  0.230237
 -0.726499, -0.248971,  0.230671
 -0.729730, -0.251016,  0.231093
 -0.732881, -0.253077,  0.231501
 -0.735952, -0.255152,  0.231895
 -0.738943, -0.257242,  0.232275
 -0.741855, -0.259347,  0.232640
 -0.744687, -0.261468,  0.232989
 -0.747439, -0.263604,  0.233321
 -0.750112, -0.265755,  0.233637
 -0.752705, -0.267923,  0.233934
 -0.755220, -0.270105,  0.234212
 -0.757655, -0.272304,  0.234471
 -0.760011, -0.274518,  0.234710
 -0.762289, -0.276748,  0.234927
 -0.764489, -0.278994,  0.235123
 -0.766610, -0.281255,  0.235296
 -0.768654, -0.283532,  0.235446
 -0.770621, -0.285824,  0.235572
 -0.772510, -0.288132,  0.235673
 -0.774323, -0.290454,  0.235748
 -0.776060, -0.292792,  0.235797
 -0.777721, -0.295144,  0.235818
 -0.779307, -0.297511,  0.235811
 -0.780818, -0.299892,  0.235775
 -0.782255, -0.302286,  0.235709
 -0.783618, -0.304695,  0.235613
 -0.784908, -0.307116,  0.235484
 -0.786126, -0.309551,  0.235324
 -0.787272, -0.311998,  0.235130
 -0.788347, -0.314457,  0.234901
 -0.789352, -0.316927,  0.234638
 -0.790287, -0.319409,  0.234339
 -0.791153, -0.321901,  0.234003
 -0.791951, -0.324403,  0.233630
 -0.792681, -0.326914,  0.233218
 -0.793345, -0.329435,  0.232766
 -0.793943, -0.331963,  0.232275
 -0.794477, -0.334499,  0.231742
 -0.794947, -0.337042,  0.231167
 -0.795354, -0.339591,  0.230549
 -0.795699, -0.342146,  0.229888
 -0.795983, -0.344705,  0.229182
 -0.796207, -0.347268,  0.228430
 -0.796372, -0.349834,  0.227632
 -0.796480, -0.352402,  0.226787
 -0.796531, -0.354971,  0.225894
 -0.796526, -0.357540,  0.224952
 -0.796467, -0.360109,  0.223960
 -0.796354, -0.362676,  0.222918
 -0.796189, -0.365241,  0.221824
 -0.795974, -0.367801,  0.220678
 -0.795708, -0.370357,  0.219479
 -0.795395, -0.372907,  0.218227
 -0.795034, -0.375450,  0.216919
 -0.794627, -0.377985,  0.215557
 -0.794175, -0.380511,  0.214138
 -0.793681, -0.383025,  0.212663
 -0.793144, -0.385529,  0.211130
 -0.792567, -0.388019,  0.209539
 -0.791950, -0.390494,  0.207889
 -0.791296, -0.392954,  0.206179
 -0.790605, -0.395397,  0.204409
 -0.789879, -0.397822,  0.202579
 -0.789120, -0.400227,  0.200686
 -0.788328, -0.402610,  0.198732
 -0.787506, -0.404971,  0.196715
 -0.786654, -0.407308,  0.194634
 -0.785775, -0.409620,  0.192490
 -0.784869, -0.411904,  0.190282
 -0.783939, -0.414160,  0.188009
 -0.782985, -0.416385,  0.185670
 -0.782009, -0.418579,  0.183266
 -0.781013, -0.420740,  0.180796
 -0.779997, -0.422865,  0.178260
 -0.778964, -0.424955,  0.175657
 -0.777916, -0.427006,  0.172987
 -0.776852, -0.429017,  0.170249
 -0.775776, -0.430987,  0.167444
 -0.774688, -0.432913,  0.164572
 -0.773589, -0.434795,  0.161631
 -0.772482, -0.436630,  0.158622
 -0.771368, -0.438418,  0.155546
 -0.770248, -0.440155,  0.152401
 -0.769123, -0.441840,  0.149187
 -0.767996, -0.443473,  0.145906
 -0.766866, -0.445050,  0.142556
 -0.765736, -0.446570,  0.139139
 -0.764608, -0.448032,  0.135653
 -0.763481, -0.449433,  0.132100
 -0.762358, -0.450773,  0.128479
 -0.761239, -0.452049,  0.124791
 -0.760127, -0.453259,  0.121036
 -0.759021, -0.454402,  0.117215
 -0.757924, -0.455477,  0.113327
 -0.756836, -0.456480,  0.109374
 -0.755759, -0.457412,  0.105355
 -0.754693, -0.458269,  0.101272
 -0.753640, -0.459051,  0.097125
 -0.752600, -0.459755,  0.092915
 -0.751574, -0.460381,  0.088642
 -0.750564, -0.460926,  0.084307
 -0.749569, -0.461388,  0.079911
 -0.748591, -0.461768,  0.075454
 -0.747631, -0.462061,  0.070939
 -0.746689, -0.462269,  0.066365
 -0.745765, -0.462387,  0.061733
 -0.744861, -0.462416,  0.057045
 -0.743976, -0.462354,  0.052302
 -0.743111, -0.462199,  0.047505
 -0.742266, -0.461950,  0.042655
 -0.741443, -0.461606,  0.037754
 -0.740640, -0.461165,  0.032802
 -0.739858, -0.460627,  0.027802
 -0.739096, -0.459989,  0.022754
 -0.738356, -0.459251,  0.017660
 -0.737637, -0.458411,  0.012521
 -0.736939, -0.457469,  0.007340
 -0.736261, -0.456424,  0.002117
 -0.735603, -0.455274, -0.003145
 -0.734965, -0.454018, -0.008445
 -0.734346, -0.452656, -0.013781
 -0.733746, -0.451187, -0.019151
 -0.733163, -0.449610, -0.024554
 -0.732598, -0.447924, -0.029988
 -0.732050, -0.446129, -0.035450
 -0.731517, -0.444224, -0.040938
 -0.730998, -0.442209, -0.046451
 -0.730493, -0.440082, -0.051987
 -0.730000, -0.437845, -0.057543
 -0.729519, -0.435495, -0.063117
 -0.729046, -0.433034, -0.068708
 -0.728583, -0.430460, -0.074312
 -0.728126, -0.427774, -0.079927
 -0.727674, -0.424976, -0.085552
 -0.727225, -0.422065, -0.091184
 -0.726778, -0.419042, -0.096821
 -0.726332, -0.415907, -0.102460
 -0.725883, -0.412660, -0.108098
 -0.725430, -0.409301, -0.113735
 -0.724971, -0.405831, -0.119366
 -0.724504, -0.402250, -0.124990
 -0.724026, -0.398559, -0.130604
 -0.723535, -0.394758, -0.136206
 -0.723030, -0.390848, -0.141793
 -0.722506, -0.386830, -0.147363
 -0.721963, -0.382705, -0.152913
 -0.721398, -0.378473, -0.158441
 -0.720807, -0.374135, -0.163944
 -0.720188, -0.369693, -0.169419
 -0.719539, -0.365148, -0.174865
 -0.718856, -0.360500, -0.180279
 -0.718138, -0.355752, -0.185659
 -0.717381, -0.350904, -0.191001
 -0.716582, -0.345959, -0.196303
 -0.715738, -0.340916, -0.201564
 -0.714847, -0.335779, -0.206780
 -0.713906, -0.330549, -0.211949
 -0.712911, -0.325227, -0.217070
 -0.711860, -0.319815, -0.222139
 -0.710750, -0.314316, -0.227154
 -0.709578, -0.308731, -0.232113
 -0.708340, -0.303061, -0.237015
 -0.707035, -0.297310, -0.241856
 -0.705658, -0.291479, -0.246634
 -0.704208, -0.285571, -0.251348
 -0.702680, -0.279587, -0.255995
 -0.701074, -0.273531, -0.260574
 -0.699384, -0.267403, -0.265083
 -0.697610, -0.261208, -0.269519
 -0.695748, -0.254947, -0.273881
 -0.693795, -0.248622, -0.278167
 -0.691749, -0.242237, -0.282375
 -0.689607, -0.235794, -0.286504
 -0.687367, -0.229295, -0.290553
 -0.685026, -0.222743, -0.294519
 -0.682582, -0.216142, -0.298401
 -0.680034, -0.209492, -0.302199
 -0.677377, -0.202799, -0.305909
 -0.674612, -0.196063, -0.309533
 -0.671734, -0.189289, -0.313067
 -0.668744, -0.182478, -0.316512
 -0.665638, -0.175634, -0.319866
 -0.662416, -0.168760, -0.323129
 -0.659074, -0.161858, -0.326299
 -0.655614, -0.154931, -0.329375
 -0.652031, -0.147983, -0.332358
 -0.648327, -0.141016, -0.335247
 -0.644498, -0.134032, -0.338040
 -0.640545, -0.127036, -0.340738
 -0.636466, -0.120030, -0.343340
 -0.632261, -0.113016, -0.345846
 -0.627929, -0.105997, -0.348256
 -0.623470, -0.098977, -0.350570
 -0.618882, -0.091958, -0.352787
 -0.614166, -0.084943, -0.354908
 -0.609322, -0.077935, -0.356933
 -0.604350, -0.070936, -0.358862
 -0.599249, -0.063949, -0.360695
 -0.594020, -0.056978, -0.362434
 -0.588664, -0.050023, -0.364077
 -0.583180, -0.043089, -0.365626
 -0.577569, -0.036178, -0.367081
 -0.571833, -0.029292, -0.368443
 -0.565971, -0.022433, -0.369713
 -0.559985, -0.015604, -0.370891
 -0.553876, -0.008808, -0.371979
 -0.547644, -0.002047, -0.372977
 -0.541292,  0.004677, -0.373886
 -0.534821,  0.011362, -0.374707
 -0.528231,  0.018005, -0.375442
 -0.521525,  0.024605, -0.376091
 -0.514704,  0.031159, -0.376655
 -0.507770,  0.037666, -0.377137
 -0.500724,  0.044123, -0.377537
 -0.493569,  0.050529, -0.377856
 -0.486307,  0.056882, -0.378097
 -0.478939,  0.063181, -0.378260
 -0.471468,  0.069422, -0.378346
 -0.463896,  0.075606, -0.378358
 -0.456225,  0.081730, -0.378297
 -0.448458,  0.087793, -0.378164
 -0.440596,  0.093794, -0.377962
 -0.432642,  0.099731, -0.377691
 -0.424599,  0.105604, -0.377353
 -0.416469,  0.111410, -0.376951
 -0.408255,  0.117150, -0.376485
 -0.399959,  0.122821, -0.375958
 -0.391584,  0.128423, -0.375371
 -0.383132,  0.133955, -0.374726
 -0.374606,  0.139416, -0.374024
 -0.366009,  0.144806, -0.373268
 -0.357343,  0.150124, -0.372459
 -0.348611,  0.155369, -0.371599
 -0.339816,  0.160540, -0.370690
 -0.330960,  0.165638, -0.369733
 -0.322046,  0.170662, -0.368730
 -0.313077,  0.175611, -0.367684
 -0.304055,  0.180485, -0.366595
 -0.294983,  0.185284, -0.365466
 -0.285863,  0.190008, -0.364298
 -0.276700,  0.194657, -0.363094
 -0.267494,  0.199230, -0.361854
 -0.258248,  0.203728, -0.360581
 -0.248966,  0.208151, -0.359276
 -0.239649,  0.212499, -0.357941
 -0.230300,  0.216772, -0.356577
 -0.220922,  0.220969, -0.355187
 -0.211517,  0.225093, -0.353772
 -0.202088,  0.229142, -0.352333
 -0.192636,  0.233118, -0.350873
 -0.183165,  0.237020, -0.349392
 -0.173676,  0.240850, -0.347892
 -0.164173,  0.244607, -0.346376
 -0.154656,  0.248292, -0.344844
 -0.145129,  0.251907, -0.343297
 -0.135594,  0.255450, -0.341738
 -0.126052,  0.258924, -0.340168
 -0.116506,  0.262329, -0.338587
 -0.106957,  0.265665, -0.336999
 -0.097409,  0.268933, -0.335403
 -0.087863,  0.272135, -0.333801
 -0.078320,  0.275270, -0.332196
 -0.068783,  0.278340, -0.330587
 -0.059253,  0.281346, -0.328976
 -0.049732,  0.284289, -0.327364
 -0.040223,  0.287169, -0.325753
 -0.030726,  0.289987, -0.324144
 -0.021244,  0.292745, -0.322538
 -0.011778,  0.295443, -0.320936
 -0.002329,  0.298083, -0.319338
  0.007101,  0.300665, -0.317748
  0.016510,  0.303190, -0.316164
  0.025897,  0.305660, -0.314588
  0.035260,  0.308076, -0.313022
  0.044599,  0.310438, -0.311466
  0.053911,  0.312749, -0.309922
  0.063196,  0.315008, -0.308389
  0.072451,  0.317216, -0.306870
  0.081677,  0.319376, -0.305364
  0.090872,  0.321489, -0.303873
  0.100034,  0.323554, -0.302398
  0.109163,  0.325574, -0.300939
  0.118258,  0.327550, -0.299497
  0.127316,  0.329482, -0.298073
  0.136338,  0.331372, -0.296668
  0.145323,  0.333221, -0.295283
  0.154269,  0.335030, -0.293917
  0.163175,  0.336800, -0.292572
  0.172041,  0.338533, -0.291249
  0.180866,  0.340229, -0.289947
  0.189649,  0.341889, -0.288669
  0.198389,  0.343516, -0.287413
  0.207085,  0.345109, -0.286182
  0.215737,  0.346670, -0.284975
  0.224344,  0.348200, -0.283793
  0.232906,  0.349701, -0.282637
  0.241420,  0.351172, -0.281507
  0.249888,  0.352616, -0.280403
  0.258308,  0.354033, -0.279327
  0.266679,  0.355424, -0.278279
  0.275002,  0.356791, -0.277258
  0.283275,  0.358134, -0.276266
  0.291499,  0.359455, -0.275304
  0.299672,  0.360754, -0.274370
  0.307793,  0.362033, -0.273467
  0.315864,  0.363292, -0.272594
  0.323882,  0.364533, -0.271752
  0.331848,  0.365756, -0.270941
  0.339762,  0.366963, -0.270161
  0.347622,  0.368154, -0.269414
  0.355429,  0.369330, -0.268699
  0.363182,  0.370492, -0.268016
  0.370880,  0.371641, -0.267367
  0.378524,  0.372778, -0.266751
  0.386113,  0.373904, -0.266169
  0.393647,  0.375020, -0.265622
  0.401125,  0.376126, -0.265108
  0.408548,  0.377223, -0.264630
  0.415914,  0.378312, -0.264187
  0.423224,  0.379394, -0.263779
  0.430478,  0.380470, -0.263407
  0.437675,  0.381540, -0.263072
  0.444815,  0.382605, -0.262772
  0.451898,  0.383666, -0.262510
  0.458923,  0.384723, -0.262285
  0.465891,  0.385777, -0.262097
  0.472801,  0.386829, -0.261947
  0.479653,  0.387880, -0.261836
  0.486448,  0.388930, -0.261762
  0.493184,  0.389979, -0.261727
  0.499862,  0.391029, -0.261732
  0.506482,  0.392079, -0.261775
  0.513043,  0.393130, -0.261858
  0.519546,  0.394184, -0.261981
  0.525990,  0.395240, -0.262145
  0.532376,  0.396298, -0.262348
  0.538703,  0.397360, -0.262593
  0.544971,  0.398426, -0.262879
  0.551181,  0.399496, -0.263206
  0.557331,  0.400570, -0.263575
  0.563423,  0.401649, -0.263985
  0.569456,  0.402734, -0.264438
  0.575430,  0.403824, -0.264934
  0.581345,  0.404920, -0.265473
  0.587201,  0.406023, -0.266054
  0.592999,  0.407132, -0.266679
  0.598738,  0.408247, -0.267348
  0.604418,  0.409370, -0.268061
  0.610040,  0.410499, -0.268818
  0.615602,  0.411636, -0.269620
  0.621107,  0.412781, -0.270467
  0.626553,  0.413933, -0.271359
  0.631940,  0.415093, -0.272296
  0.637270,  0.416261, -0.273279
  0.642541,  0.417436, -0.274308
  0.647754,  0.418620, -0.275383
  0.652909,  0.419811, -0.276505
  0.658007,  0.421011, -0.277673
  0.663047,  0.422218, -0.278889
  0.668029,  0.423433, -0.280152
  0.672954,  0.424656, -0.281462
  0.677821,  0.425886, -0.282820
  0.682632,  0.427124, -0.284226
  0.687385,  0.428369, -0.285680
  0.692082,  0.429621, -0.287183
  0.696722,  0.430880, -0.288735
  0.701306,  0.432146, -0.290335
  0.705834,  0.433418, -0.291984
  0.710306,  0.434696, -0.293683
  0.714722,  0.435979, -0.295431
  0.719082,  0.437268, -0.297228
  0.723387,  0.438562, -0.299075
  0.727637,  0.439861, -0.300972
  0.731832,  0.441164, -0.302920
  0.735972,  0.442470, -0.304917
  0.740057,  0.443779, -0.306964
  0.744089,  0.445091, -0.309062
  0.748066,  0.446405, -0.311210
  0.751990,  0.447720, -0.313408
  0.755860,  0.449036, -0.315657
  0.759676,  0.450352, -0.317957
  0.763440,  0.451668, -0.320306
  0.767150,  0.452982, -0.322707
  0.770808,  0.454294, -0.325157
  0.774414,  0.455604, -0.327658
  0.777967,  0.456910, -0.330209
  0.781469,  0.458211, -0.332810
  0.784919,  0.459507, -0.335461
  0.788317,  0.460797, -0.338162
  0.791664,  0.462080, -0.340913
  0.794960,  0.463355, -0.343713
  0.798206,  0.464620, -0.346562
  0.801400,  0.465876, -0.349460
  0.804545,  0.467120, -0.352406
  0.807639,  0.468352, -0.355400
  0.810683,  0.469571, -0.358443
  0.813677,  0.470775, -0.361532
  0.816622,  0.471964, -0.364669
  0.819517,  0.473135, -0.367852
  0.822363,  0.474289, -0.371080
  0.825160,  0.475423, -0.374355
  0.827907,  0.476536, -0.377673
  0.830606,  0.477628, -0.381036
  0.833256,  0.478696, -0.384442
  0.835857,  0.479740, -0.387891
  0.838410,  0.480757, -0.391382
  0.840914,  0.481747, -0.394914
  0.843369,  0.482708, -0.398485
  0.845776,  0.483639, -0.402096
  0.848135,  0.484538, -0.405745
  0.850444,  0.485403, -0.409432
  0.852706,  0.486234, -0.413154
  0.854918,  0.487028, -0.416911
  0.857082,  0.487784, -0.420703
  0.859197,  0.488501, -0.424526
  0.861263,  0.489176, -0.428381
  0.863280,  0.489808, -0.432266
  0.865248,  0.490396, -0.436179
  0.867166,  0.490938, -0.440120
  0.869035,  0.491432, -0.444085
  0.870854,  0.491877, -0.448075
  0.872622,  0.492270, -0.452087
  0.874340,  0.492611, -0.456120
  0.876007,  0.492898, -0.460171
  0.877622,  0.493128, -0.464240
  0.879186,  0.493301, -0.468324
  0.880698,  0.493414, -0.472420
  0.882156,  0.493466, -0.476528
  0.883562,  0.493455, -0.480645
  0.884915,  0.493383, -0.484772
