  0.000000,  1.000000,  0.000000
 -0.002470,  0.999987, -0.004443
 -0.004950,  0.999948, -0.008898
 -0.007439,  0.999883, -0.013365
 -0.009937,  0.999791, -0.017842
 -0.012445,  0.999673, -0.022330
 -0.014963,  0.999528, -0.026829
 -0.017489,  0.999356, -0.031337
 -0.020024,  0.999156, -0.035854
 -0.022568,  0.998929, -0.040380
 -0.025121,  0.998675, -0.044915
 -0.027682,  0.998393, -0.049457
 -0.030251,  0.998082, -0.054008
 -0.032829,  0.997744, -0.058565
 -0.035415,  0.997377, -0.063129
 -0.038008,  0.996982, -0.067699
 -0.040609,  0.996558, -0.072274
 -0.043217,  0.996105, -0.076855
 -0.045832,  0.995624, -0.081440
 -0.048454,  0.995114, -0.086029
 -0.051083,  0.994574, -0.090621
 -0.053718,  0.994006, -0.095217
 -0.056359,  0.993409, -0.099815
 -0.059007,  0.992782, -0.104414
 -0.061659,  0.992126, -0.109015
 -0.064317,  0.991441, -0.113616
 -0.066980,  0.990726, -0.118217
 -0.069648,  0.989982, -0.122817
 -0.072320,  0.989209, -0.127416
 -0.074996,  0.988407, -0.132014
 -0.077676,  0.987575, -0.136608
 -0.080359,  0.986714, -0.141200
 -0.083045,  0.985824, -0.145787
 -0.085734,  0.984905, -0.150370
 -0.088425,  0.983957, -0.154947
 -0.091119,  0.982981, -0.159519
 -0.093814,  0.981975, -0.164084
 -0.096510,  0.980941, -0.168642
 -0.099207,  0.979879, -0.173191
 -0.101905,  0.978788, -0.177732
 -0.104603,  0.977670, -0.182263
 -0.107300,  0.976524, -0.186784
 -0.109997,  0.975350, -0.191293
 -0.112693,  0.974149, -0.195791
 -0.115387,  0.972921, -0.200277
 -0.118079,  0.971666, -0.204749
 -0.120770,  0.970385, -0.209207
 -0.123457,  0.969078, -0.213651
 -0.126141,  0.967745, -0.218079
 -0.128822,  0.966387, -0.222490
 -0.131499,  0.965003, -0.226885
 -0.134171,  0.963595, -0.231261
 -0.136839,  0.962164, -0.235619
 -0.139501,  0.960708, -0.239958
 -0.142158,  0.959229, -0.244277
 -0.144809,  0.957727, -0.248574
 -0.147453,  0.956203, -0.252850
 -0.150090,  0.954657, -0.257104
 -0.152720,  0.953090, -0.261335
 -0.155343,  0.951502, -0.265541
 -0.157957,  0.949894, -0.269723
 -0.160562,  0.948267, -0.273880
 -0.163159,  0.946620, -0.278011
 -0.165746,  0.944955, -0.282115
 -0.168323,  0.943272, -0.286192
 -0.170891,  0.941572, -0.290240
 -0.173447,  0.939855, -0.294260
 -0.175993,  0.938122, -0.298250
 -0.178527,  0.936374, -0.302210
 -0.181050,  0.934612, -0.306139
 -0.183561,  0.932836, -0.310037
 -0.186059,  0.931046, -0.313903
 -0.188544,  0.929244, -0.317736
 -0.191017,  0.927431, -0.321536
 -0.193475,  0.925606, -0.325302
 -0.195920,  0.923771, -0.329034
 -0.198351,  0.921926, -0.332730
 -0.200768,  0.920072, -0.336392
 -0.203169,  0.918211, -0.340017
 -0.205556,  0.916342, -0.343606
 -0.207927,  0.914466, -0.347158
 -0.210282,  0.912584, -0.350672
 -0.212622,  0.910698, -0.354149
 -0.214945,  0.908807, -0.357588
 -0.217252,  0.906912, -0.360987
 -0.219543,  0.905015, -0.364348
 -0.221816,  0.903115, -0.367669
 -0.224072,  0.901214, -0.370950
 -0.226311,  0.899313, -0.374192
 -0.228532,  0.897412, -0.377392
 -0.230735,  0.895512, -0.380552
 -0.232921,  0.893613, -0.383671
 -0.235088,  0.891717, -0.386749
 -0.237237,  0.889824, -0.389785
 -0.239367,  0.887935, -0.392779
 -0.241479,  0.886050, -0.395731
 -0.243572,  0.884171, -0.398641
 -0.245646,  0.882298, -0.401508
 -0.247701,  0.880431, -0.404333
 -0.249738,  0.878572, -0.407116
 -0.251754,  0.876720, -0.409855
 -0.253752,  0.874878, -0.412551
 -0.255730,  0.873045, -0.415205
 -0.257689,  0.871222, -0.417815
 -0.259628,  0.869409, -0.420382
 -0.261547,  0.867608, -0.422906
 -0.263448,  0.865818, -0.425387
 -0.265328,  0.864041, -0.427824
 -0.267189,  0.862277, -0.430218
 -0.269030,  0.860527, -0.432569
 -0.270851,  0.858791, -0.434876
 -0.272653,  0.857070, -0.437141
 -0.274435,  0.855363, -0.439362
 -0.276198,  0.853673, -0.441539
 -0.277941,  0.851999, -0.443674
 -0.279665,  0.850342, -0.445766
 -0.281369,  0.848702, -0.447814
 -0.283053,  0.847079, -0.449820
 -0.284718,  0.845475, -0.451783
 -0.286364,  0.843889, -0.453703
 -0.287991,  0.842322, -0.455581
 -0.289599,  0.840775, -0.457416
 -0.291187,  0.839248, -0.459209
 -0.292757,  0.837740, -0.460960
 -0.294308,  0.836254, -0.462669
 -0.295840,  0.834788, -0.464336
 -0.297353,  0.833343, -0.465962
 -0.298848,  0.831920, -0.467545
 -0.300325,  0.830519, -0.469088
 -0.301784,  0.829140, -0.470589
 -0.303224,  0.827783, -0.472049
 -0.304647,  0.826449, -0.473468
 -0.306051,  0.825138, -0.474847
 -0.307439,  0.823850, -0.476185
 -0.308808,  0.822586, -0.477483
 -0.310161,  0.821345, -0.478740
 -0.311496,  0.820128, -0.479958
 -0.312815,  0.818935, -0.481136
 -0.314116,  0.817767, -0.482274
 -0.315402,  0.816622, -0.483373
 -0.316670,  0.815503, -0.484433
 -0.317923,  0.814407, -0.485454
 -0.319159,  0.813337, -0.486436
 -0.320380,  0.812292, -0.487379
 -0.321585,  0.811271, -0.488284
 -0.322775,  0.810276, -0.489151
 -0.323950,  0.809306, -0.489980
 -0.325109,  0.808361, -0.490771
 -0.326254,  0.807442, -0.491524
 -0.327384,  0.806548, -0.492240
 -0.328500,  0.805680, -0.492918
 -0.329601,  0.804837, -0.493559
 -0.330689,  0.804019, -0.494164
 -0.331763,  0.803228, -0.494731
 -0.332823,  0.802461, -0.495262
 -0.333870,  0.801721, -0.495757
 -0.334905,  0.801005, -0.496215
 -0.335926,  0.800316, -0.496637
 -0.336934,  0.799652, -0.497024
 -0.337931,  0.799013, -0.497374
 -0.338915,  0.798400, -0.497689
 -0.339887,  0.797812, -0.497968
 -0.340847,  0.797250, -0.498213
 -0.341796,  0.796713, -0.498422
 -0.342733,  0.796201, -0.498596
 -0.343660,  0.795715, -0.498735
 -0.344575,  0.795253, -0.498839
 -0.345480,  0.794816, -0.498909
 -0.346375,  0.794405, -0.498944
 -0.347260,  0.794018, -0.498945
 -0.348134,  0.793656, -0.498912
 -0.348999,  0.793318, -0.498845
 -0.349854,  0.793005, -0.498743
 -0.350700,  0.792716, -0.498608
 -0.351537,  0.792452, -0.498439
 -0.352365,  0.792211, -0.498237
 -0.353185,  0.791995, -0.498001
 -0.353996,  0.791802, -0.497731
 -0.354799,  0.791633, -0.497428
 -0.355594,  0.791487, -0.497092
 -0.356381,  0.791365, -0.496723
 -0.357161,  0.791266, -0.496321
 -0.357934,  0.791190, -0.495885
 -0.358699,  0.791136, -0.495417
 -0.359457,  0.791106, -0.494916
 -0.360209,  0.791098, -0.494382
 -0.360954,  0.791112, -0.493816
 -0.361693,  0.791148, -0.493217
 -0.362426,  0.791206, -0.492585
 -0.363153,  0.791286, -0.491922
 -0.363875,  0.791387, -0.491225
 -0.364591,  0.791509, -0.490497
 -0.365301,  0.791653, -0.489736
 -0.366007,  0.791817, -0.488942
 -0.366708,  0.792002, -0.488117
 -0.367404,  0.792207, -0.487260
 -0.368095,  0.792433, -0.486370
 -0.368783,  0.792678, -0.485449
 -0.369466,  0.792943, -0.484496
 -0.370145,  0.793228, -0.483510
 -0.370820,  0.793532, -0.482493
 -0.371492,  0.793855, -0.481444
 -0.372161,  0.794196, -0.480363
 -0.372826,  0.794556, -0.479251
 -0.373488,  0.794934, -0.478107
 -0.374147,  0.795330, -0.476931
 -0.374804,  0.795744, -0.475723
 -0.375458,  0.796176, -0.474484
 -0.376110,  0.796624, -0.473214
 -0.376760,  0.797089, -0.471912
 -0.377407,  0.797571, -0.470578
 -0.378053,  0.798070, -0.469213
 -0.378697,  0.798584, -0.467817
 -0.379339,  0.799114, -0.466389
 -0.379980,  0.799660, -0.464930
 -0.380620,  0.800220, -0.463439
 -0.381259,  0.800796, -0.461917
 -0.381897,  0.801386, -0.460364
 -0.382534,  0.801991, -0.458780
 -0.383170,  0.802609, -0.457164
 -0.383806,  0.803241, -0.455518
 -0.384441,  0.803887, -0.453840
 -0.385076,  0.804546, -0.452131
 -0.385711,  0.805217, -0.450391
 -0.386346,  0.805901, -0.448620
 -0.386981,  0.806597, -0.446818
 -0.387617,  0.807305, -0.444985
 -0.388253,  0.808024, -0.443121
 -0.388889,  0.808755, -0.441227
 -0.389526,  0.809496, -0.439301
 -0.390164,  0.810248, -0.437345
 -0.390803,  0.811010, -0.435358
 -0.391442,  0.811782, -0.433340
 -0.392083,  0.812563, -0.431291
 -0.392725,  0.813353, -0.429212
 -0.393368,  0.814153, -0.427103
 -0.394013,  0.814961, -0.424963
 -0.394659,  0.815776, -0.422792
 -0.395307,  0.816600, -0.420591
 -0.395956,  0.817431, -0.418359
 -0.396608,  0.818270, -0.416098
 -0.397261,  0.819114, -0.413806
 -0.397916,  0.819966, -0.411484
 -0.398573,  0.820823, -0.409132
 -0.399233,  0.821686, -0.406749
 -0.399894,  0.822555, -0.404337
 -0.400558,  0.823428, -0.401895
 -0.401225,  0.824306, -0.399423
 -0.401894,  0.825188, -0.396922
 -0.402565,  0.826074, -0.394390
 -0.403239,  0.826963, -0.391829
 -0.403916,  0.827856, -0.389239
 -0.404595,  0.828751, -0.386619
 -0.405277,  0.829649, -0.383970
 -0.405962,  0.830549, -0.381292
 -0.406650,  0.831450, -0.378585
 -0.407341,  0.832353, -0.375849
 -0.408035,  0.833257, -0.373083
 -0.408732,  0.834161, -0.370289
 -0.409432,  0.835065, -0.367467
 -0.410135,  0.835969, -0.364616
 -0.410841,  0.836873, -0.361736
 -0.411551,  0.837776, -0.358828
 -0.412264,  0.838677, -0.355892
 -0.412980,  0.839577, -0.352928
 -0.413699,  0.840475, -0.349936
 -0.414422,  0.841370, -0.346916
 -0.415148,  0.842262, -0.343869
 -0.415878,  0.843152, -0.340794
 -0.416611,  0.844038, -0.337692
 -0.417347,  0.844919, -0.334563
 -0.418087,  0.845797, -0.331406
 -0.418831,  0.846670, -0.328223
 -0.419577,  0.847538, -0.325013
 -0.420327,  0.848401, -0.321777
 -0.421081,  0.849258, -0.318515
 -0.421838,  0.850109, -0.315226
 -0.422599,  0.850954, -0.311911
 -0.423362,  0.851791, -0.308571
 -0.424130,  0.852622, -0.305205
 -0.424900,  0.853445, -0.301813
 -0.425675,  0.854260, -0.298397
 -0.426452,  0.855067, -0.294955
 -0.427233,  0.855866, -0.291489
 -0.428017,  0.856655, -0.287998
 -0.428804,  0.857436, -0.284483
 -0.429595,  0.858207, -0.280944
 -0.430389,  0.858967, -0.277381
 -0.431186,  0.859718, -0.273795
 -0.431986,  0.860458, -0.270185
 -0.432789,  0.861188, -0.266551
 -0.433595,  0.861906, -0.262895
 -0.434404,  0.862612, -0.259217
 -0.435217,  0.863307, -0.255516
 -0.436031,  0.863989, -0.251792
 -0.436849,  0.864659, -0.248047
 -0.437670,  0.865316, -0.244280
 -0.438493,  0.865961, -0.240492
 -0.439318,  0.866591, -0.236683
 -0.440146,  0.867208, -0.232853
 -0.440977,  0.867812, -0.229003
 -0.441810,  0.868401, -0.225132
 -0.442645,  0.868975, -0.221242
 -0.443482,  0.869535, -0.217332
 -0.444321,  0.870079, -0.213403
 -0.445162,  0.870609, -0.209454
 -0.446005,  0.871123, -0.205487
 -0.446850,  0.871621, -0.201502
 -0.447696,  0.872103, -0.197498
 -0.448544,  0.872568, -0.193477
 -0.449393,  0.873017, -0.189438
 -0.450243,  0.873450, -0.185382
 -0.451095,  0.873865, -0.181310
 -0.451947,  0.874263, -0.177221
 -0.452801,  0.874644, -0.173116
 -0.453655,  0.875007, -0.168995
 -0.454510,  0.875353, -0.164859
 -0.455365,  0.875680, -0.160708
 -0.456220,  0.875990, -0.156542
 -0.457076,  0.876281, -0.152362
 -0.457931,  0.876553, -0.148168
 -0.458787,  0.876807, -0.143960
 -0.459642,  0.877042, -0.139739
 -0.460496,  0.877258, -0.135505
 -0.461350,  0.877455, -0.131259
 -0.462203,  0.877633, -0.127000
 -0.463055,  0.877791, -0.122730
 -0.463905,  0.877930, -0.118448
 -0.464755,  0.878050, -0.114156
 -0.465602,  0.878150, -0.109853
 -0.466448,  0.878230, -0.105539
 -0.467292,  0.878290, -0.101216
 -0.468133,  0.878331, -0.096884
 -0.468973,  0.878351, -0.092542
 -0.469809,  0.878352, -0.088192
 -0.470643,  0.878332, -0.083833
 -0.471474,  0.878292, -0.079467
 -0.472301,  0.878233, -0.075093
 -0.473125,  0.878153, -0.070713
 -0.473946,  0.878053, -0.066325
 -0.474762,  0.877933, -0.061932
 -0.475574,  0.877792, -0.057532
 -0.476382,  0.877632, -0.053127
 -0.477185,  0.877451, -0.048718
 -0.477983,  0.877251, -0.044303
 -0.478777,  0.877030, -0.039885
 -0.479564,  0.876790, -0.035463
 -0.480346,  0.876530, -0.031037
 -0.481123,  0.876249, -0.026609
 -0.481893,  0.875949, -0.022178
 -0.482657,  0.875630, -0.017745
 -0.483414,  0.875291, -0.013310
 -0.484164,  0.874932, -0.008874
 -0.484907,  0.874554, -0.004437
 -0.485643,  0.874157, -0.000000
 -0.486371,  0.873741,  0.004437
 -0.487091,  0.873306,  0.008874
 -0.487803,  0.872852,  0.013310
 -0.488506,  0.872380,  0.017745
 -0.489200,  0.871889,  0.022178
 -0.489886,  0.871380,  0.026609
 -0.490562,  0.870853,  0.031037
 -0.491228,  0.870309,  0.035463
 -0.491885,  0.869746,  0.039885
 -0.492531,  0.869166,  0.044304
 -0.493167,  0.868569,  0.048718
 -0.493792,  0.867955,  0.053128
 -0.494407,  0.867325,  0.057533
 -0.495010,  0.866677,  0.061932
 -0.495601,  0.866014,  0.066326
 -0.496180,  0.865335,  0.070714
 -0.496748,  0.864640,  0.075095
 -0.497303,  0.863930,  0.079469
 -0.497845,  0.863205,  0.083836
 -0.498374,  0.862464,  0.088195
 -0.498890,  0.861710,  0.092546
 -0.499392,  0.860941,  0.096888
 -0.499881,  0.860159,  0.101222
 -0.500355,  0.859363,  0.105546
 -0.500816,  0.858554,  0.109861
 -0.501261,  0.857732,  0.114165
 -0.501692,  0.856897,  0.118459
 -0.502107,  0.856051,  0.122742
 -0.502507,  0.855192,  0.127014
 -0.502891,  0.854323,  0.131275
 -0.503260,  0.853442,  0.135524
 -0.503612,  0.852550,  0.139760
 -0.503947,  0.851649,  0.143984
 -0.504266,  0.850737,  0.148194
 -0.504568,  0.849816,  0.152392
 -0.504853,  0.848886,  0.156575
 -0.505120,  0.847947,  0.160745
 -0.505370,  0.847000,  0.164900
 -0.505601,  0.846045,  0.169041
 -0.505815,  0.845083,  0.173166
 -0.506010,  0.844113,  0.177276
 -0.506186,  0.843137,  0.181371
 -0.506343,  0.842155,  0.185449
 -0.506482,  0.841167,  0.189511
 -0.506601,  0.840173,  0.193556
 -0.506701,  0.839175,  0.197584
 -0.506781,  0.838172,  0.201595
 -0.506841,  0.837165,  0.205588
 -0.506882,  0.836154,  0.209564
 -0.506902,  0.835140,  0.213521
 -0.506901,  0.834124,  0.217460
 -0.506880,  0.833105,  0.221379
 -0.506839,  0.832084,  0.225280
 -0.506776,  0.831061,  0.229161
 -0.506693,  0.830038,  0.233023
 -0.506588,  0.829014,  0.236865
 -0.506462,  0.827989,  0.240686
 -0.506314,  0.826965,  0.244487
 -0.506145,  0.825942,  0.248267
 -0.505955,  0.824920,  0.252027
 -0.505742,  0.823899,  0.255765
 -0.505508,  0.822880,  0.259481
 -0.505251,  0.821864,  0.263176
 -0.504973,  0.820850,  0.266848
 -0.504672,  0.819839,  0.270498
 -0.504349,  0.818833,  0.274126
 -0.504004,  0.817830,  0.277731
 -0.503636,  0.816831,  0.281313
 -0.503246,  0.815838,  0.284872
 -0.502834,  0.814849,  0.288407
 -0.502399,  0.813867,  0.291919
 -0.501941,  0.812890,  0.295407
 -0.501461,  0.811920,  0.298870
 -0.500958,  0.810956,  0.302310
 -0.500433,  0.810000,  0.305725
 -0.499885,  0.809051,  0.309115
 -0.499314,  0.808110,  0.312480
 -0.498721,  0.807178,  0.315820
 -0.498105,  0.806254,  0.319134
 -0.497467,  0.805339,  0.322423
 -0.496806,  0.804433,  0.325687
 -0.496122,  0.803537,  0.328924
 -0.495417,  0.802651,  0.332136
 -0.494688,  0.801775,  0.335321
 -0.493938,  0.800910,  0.338479
 -0.493165,  0.800056,  0.341611
 -0.492370,  0.799213,  0.344716
 -0.491554,  0.798382,  0.347794
 -0.490715,  0.797563,  0.350845
 -0.489854,  0.796756,  0.353869
 -0.488971,  0.795961,  0.356865
 -0.488067,  0.795179,  0.359834
 -0.487141,  0.794411,  0.362774
 -0.486194,  0.793655,  0.365687
 -0.485225,  0.792913,  0.368572
 -0.484236,  0.792185,  0.371428
 -0.483225,  0.791471,  0.374256
 -0.482193,  0.790771,  0.377055
 -0.481141,  0.790086,  0.379826
 -0.480068,  0.789416,  0.382567
 -0.478975,  0.788760,  0.385280
 -0.477861,  0.788120,  0.387964
 -0.476728,  0.787495,  0.390618
 -0.475574,  0.786886,  0.393243
 -0.474401,  0.786293,  0.395838
 -0.473209,  0.785715,  0.398403
 -0.471997,  0.785154,  0.400939
 -0.470766,  0.784609,  0.403445
 -0.469516,  0.784081,  0.405920
 -0.468248,  0.783570,  0.408366
 -0.466961,  0.783075,  0.410781
 -0.465656,  0.782598,  0.413165
 -0.464333,  0.782137,  0.415519
 -0.462992,  0.781694,  0.417843
 -0.461634,  0.781269,  0.420135
 -0.460258,  0.780861,  0.422397
 -0.458865,  0.780471,  0.424627
 -0.457456,  0.780099,  0.426826
 -0.456029,  0.779744,  0.428994
 -0.454587,  0.779408,  0.431131
 -0.453129,  0.779090,  0.433235
 -0.451654,  0.778791,  0.435309
 -0.450164,  0.778509,  0.437350
 -0.448659,  0.778247,  0.439360
 -0.447139,  0.778002,  0.441338
 -0.445604,  0.777777,  0.443283
 -0.444055,  0.777570,  0.445197
 -0.442491,  0.777382,  0.447078
 -0.440913,  0.777213,  0.448927
 -0.439322,  0.777063,  0.450743
 -0.437717,  0.776932,  0.452527
 -0.436099,  0.776820,  0.454278
 -0.434468,  0.776727,  0.455996
 -0.432824,  0.776654,  0.457681
 -0.431169,  0.776599,  0.459333
 -0.429501,  0.776564,  0.460952
 -0.427821,  0.776549,  0.462538
 -0.426130,  0.776552,  0.464091
 -0.424427,  0.776575,  0.465610
 -0.422714,  0.776617,  0.467096
 -0.420989,  0.776679,  0.468548
 -0.419255,  0.776760,  0.469967
 -0.417510,  0.776861,  0.471351
 -0.415756,  0.776981,  0.472702
 -0.413991,  0.777121,  0.474019
 -0.412218,  0.777280,  0.475302
 -0.410435,  0.777459,  0.476551
 -0.408644,  0.777657,  0.477765
 -0.406844,  0.777875,  0.478946
 -0.405036,  0.778112,  0.480091
 -0.403219,  0.778369,  0.481203
 -0.401395,  0.778645,  0.482280
 -0.399564,  0.778941,  0.483322
 -0.397725,  0.779256,  0.484329
 -0.395880,  0.779591,  0.485302
 -0.394027,  0.779945,  0.486239
 -0.392168,  0.780318,  0.487142
 -0.390303,  0.780711,  0.488010
 -0.388432,  0.781123,  0.488842
 -0.386556,  0.781555,  0.489640
 -0.384674,  0.782005,  0.490402
 -0.382786,  0.782475,  0.491128
 -0.380894,  0.782965,  0.491819
 -0.378996,  0.783473,  0.492475
 -0.377094,  0.784001,  0.493095
 -0.375188,  0.784547,  0.493679
 -0.373278,  0.785113,  0.494228
 -0.371364,  0.785697,  0.494741
 -0.369446,  0.786301,  0.495218
 -0.367525,  0.786923,  0.495658
 -0.365600,  0.787564,  0.496063
 -0.363673,  0.788224,  0.496432
 -0.361742,  0.788903,  0.496764
 -0.359809,  0.789600,  0.497061
 -0.357874,  0.790316,  0.497321
 -0.355936,  0.791050,  0.497544
 -0.353996,  0.791802,  0.497731
 -0.352054,  0.792573,  0.497882
 -0.350111,  0.793362,  0.497996
 -0.348166,  0.794169,  0.498073
 -0.346220,  0.794994,  0.498113
 -0.344272,  0.795837,  0.498117
 -0.342323,  0.796698,  0.498084
 -0.340374,  0.797576,  0.498014
 -0.338423,  0.798472,  0.497907
 -0.336473,  0.799386,  0.497763
 -0.334521,  0.800317,  0.497582
 -0.332570,  0.801265,  0.497364
 -0.330618,  0.802231,  0.497109
 -0.328666,  0.803214,  0.496816
 -0.326714,  0.804213,  0.496486
 -0.324763,  0.805230,  0.496119
 -0.322812,  0.806263,  0.495715
 -0.320861,  0.807312,  0.495273
 -0.318911,  0.808378,  0.494793
 -0.316962,  0.809461,  0.494276
 -0.315013,  0.810559,  0.493721
 -0.313065,  0.811673,  0.493129
 -0.311118,  0.812804,  0.492499
 -0.309173,  0.813950,  0.491832
 -0.307228,  0.815111,  0.491126
 -0.305285,  0.816288,  0.490383
 -0.303343,  0.817480,  0.489602
 -0.301402,  0.818687,  0.488783
 -0.299463,  0.819908,  0.487926
 -0.297525,  0.821145,  0.487032
 -0.295589,  0.822396,  0.486099
 -0.293654,  0.823661,  0.485128
 -0.291722,  0.824940,  0.484120
 -0.289791,  0.826234,  0.483073
 -0.287861,  0.827540,  0.481988
 -0.285934,  0.828861,  0.480866
 -0.284008,  0.830194,  0.479705
 -0.282084,  0.831541,  0.478506
 -0.280162,  0.832901,  0.477268
 -0.278243,  0.834273,  0.475993
 -0.276325,  0.835658,  0.474680
 -0.274409,  0.837055,  0.473328
 -0.272495,  0.838463,  0.471938
 -0.270583,  0.839884,  0.470510
 -0.268673,  0.841316,  0.469044
 -0.266765,  0.842759,  0.467540
 -0.264859,  0.844213,  0.465997
 -0.262955,  0.845678,  0.464417
 -0.261053,  0.847154,  0.462798
 -0.259153,  0.848639,  0.461141
 -0.257255,  0.850135,  0.459446
 -0.255359,  0.851640,  0.457713
 -0.253464,  0.853155,  0.455942
 -0.251572,  0.854678,  0.454133
 -0.249682,  0.856211,  0.452286
 -0.247793,  0.857752,  0.450401
 -0.245906,  0.859301,  0.448477
 -0.244021,  0.860858,  0.446516
 -0.242138,  0.862423,  0.444517
 -0.240256,  0.863995,  0.442481
 -0.238376,  0.865575,  0.440406
 -0.236497,  0.867161,  0.438294
 -0.234620,  0.868753,  0.436144
 -0.232745,  0.870351,  0.433957
 -0.230870,  0.871956,  0.431732
 -0.228997,  0.873565,  0.429470
 -0.227126,  0.875180,  0.427170
 -0.225255,  0.876799,  0.424833
 -0.223386,  0.878423,  0.422459
 -0.221518,  0.880051,  0.420047
 -0.219650,  0.881683,  0.417599
 -0.217784,  0.883318,  0.415114
 -0.215918,  0.884956,  0.412592
 -0.214053,  0.886597,  0.410033
 -0.212189,  0.888240,  0.407438
 -0.210325,  0.889885,  0.404806
 -0.208461,  0.891532,  0.402138
 -0.206598,  0.893180,  0.399433
 -0.204735,  0.894829,  0.396693
 -0.202872,  0.896478,  0.393917
 -0.201010,  0.898127,  0.391105
 -0.199147,  0.899776,  0.388257
 -0.197284,  0.901424,  0.385374
 -0.195421,  0.903072,  0.382456
 -0.193557,  0.904718,  0.379502
 -0.191693,  0.906362,  0.376514
 -0.189828,  0.908003,  0.373490
 -0.187962,  0.909643,  0.370433
 -0.186096,  0.911279,  0.367341
 -0.184228,  0.912912,  0.364214
 -0.182360,  0.914541,  0.361054
 -0.180490,  0.916166,  0.357860
 -0.178619,  0.917786,  0.354633
 -0.176746,  0.919401,  0.351373
 -0.174872,  0.921011,  0.348079
 -0.172996,  0.922615,  0.344753
 -0.171118,  0.924213,  0.341394
 -0.169238,  0.925804,  0.338003
 -0.167355,  0.927388,  0.334580
 -0.165471,  0.928965,  0.331125
 -0.163584,  0.930534,  0.327639
 -0.161695,  0.932094,  0.324122
 -0.159802,  0.933646,  0.320574
 -0.157907,  0.935189,  0.316995
 -0.156009,  0.936723,  0.313387
 -0.154108,  0.938247,  0.309748
 -0.152203,  0.939760,  0.306080
 -0.150295,  0.941263,  0.302383
 -0.148384,  0.942754,  0.298657
 -0.146469,  0.944235,  0.294903
 -0.144550,  0.945703,  0.291120
 -0.142626,  0.947159,  0.287310
 -0.140699,  0.948603,  0.283473
 -0.138767,  0.950033,  0.279608
 -0.136831,  0.951450,  0.275717
 -0.134890,  0.952853,  0.271800
 -0.132945,  0.954242,  0.267857
 -0.130994,  0.955617,  0.263889
 -0.129039,  0.956976,  0.259896
 -0.127078,  0.958320,  0.255878
 -0.125112,  0.959649,  0.251837
 -0.123140,  0.960961,  0.247772
 -0.121163,  0.962257,  0.243684
 -0.119179,  0.963536,  0.239573
 -0.117190,  0.964797,  0.235441
 -0.115195,  0.966042,  0.231286
 -0.113193,  0.967268,  0.227111
 -0.111185,  0.968476,  0.222915
 -0.109171,  0.969666,  0.218699
 -0.107149,  0.970837,  0.214463
 -0.105121,  0.971989,  0.210209
 -0.103086,  0.973121,  0.205936
 -0.101044,  0.974233,  0.201645
 -0.098994,  0.975325,  0.197336
 -0.096938,  0.976396,  0.193011
 -0.094873,  0.977447,  0.188669
 -0.092801,  0.978477,  0.184312
 -0.090721,  0.979485,  0.179940
 -0.088633,  0.980472,  0.175553
 -0.086537,  0.981437,  0.171152
 -0.084433,  0.982380,  0.166738
 -0.082321,  0.983300,  0.162311
 -0.080200,  0.984197,  0.157872
 -0.078070,  0.985072,  0.153422
 -0.075932,  0.985923,  0.148960
 -0.073785,  0.986752,  0.144489
 -0.071629,  0.987556,  0.140008
 -0.069465,  0.988337,  0.135518
 -0.067291,  0.989093,  0.131019
 -0.065108,  0.989826,  0.126514
 -0.062915,  0.990534,  0.122001
 -0.060714,  0.991217,  0.117481
 -0.058502,  0.991876,  0.112957
 -0.056282,  0.992510,  0.108427
 -0.054051,  0.993119,  0.103892
 -0.051811,  0.993702,  0.099355
 -0.049561,  0.994261,  0.094814
 -0.047302,  0.994793,  0.090271
 -0.045032,  0.995300,  0.085726
 -0.042753,  0.995782,  0.081181
 -0.040463,  0.996238,  0.076635
 -0.038164,  0.996668,  0.072090
 -0.035854,  0.997072,  0.067546
 -0.033535,  0.997450,  0.063004
 -0.031205,  0.997802,  0.058465
 -0.028865,  0.998128,  0.053928
 -0.026515,  0.998427,  0.049396
 -0.024155,  0.998701,  0.044868
 -0.021785,  0.998948,  0.040346
 -0.019405,  0.999169,  0.035830
 -0.017014,  0.999365,  0.031320
 -0.014613,  0.999534,  0.026818
 -0.012203,  0.999676,  0.022324
 -0.009782,  0.999793,  0.017839
 -0.007351,  0.999884,  0.013364
 -0.004911,  0.999948,  0.008898
 -0.002460,  0.999987,  0.004443
 -0.000000,  1.000000,  0.000000
  0.002470,  0.999987, -0.004431
  0.004950,  0.999949, -0.008849
  0.007439,  0.999884, -0.013254
  0.009937,  0.999795, -0.017645
  0.012445,  0.999680, -0.022021
  0.014963,  0.999540, -0.026381
  0.017489,  0.999375, -0.030726
  0.020024,  0.999185, -0.035054
  0.022568,  0.998970, -0.039364
  0.025121,  0.998731, -0.043657
  0.027682,  0.998467, -0.047932
  0.030251,  0.998179, -0.052187
  0.032829,  0.997867, -0.056423
  0.035415,  0.997531, -0.060638
  0.038008,  0.997172, -0.064833
  0.040609,  0.996789, -0.069006
  0.043217,  0.996384, -0.073158
  0.045832,  0.995955, -0.077287
  0.048454,  0.995504, -0.081394
  0.051083,  0.995030, -0.085477
  0.053718,  0.994534, -0.089536
  0.056359,  0.994016, -0.093571
  0.059007,  0.993477, -0.097581
  0.061659,  0.992916, -0.101566
  0.064317,  0.992335, -0.105525
  0.066980,  0.991732, -0.109458
  0.069648,  0.991109, -0.113364
  0.072320,  0.990466, -0.117244
  0.074996,  0.989804, -0.121096
  0.077676,  0.989121, -0.124921
  0.080359,  0.988420, -0.128717
  0.083045,  0.987700, -0.132485
  0.085734,  0.986961, -0.136225
  0.088425,  0.986204, -0.139935
  0.091119,  0.985430, -0.143616
  0.093814,  0.984638, -0.147267
  0.096510,  0.983828, -0.150889
  0.099207,  0.983002, -0.154480
  0.101905,  0.982160, -0.158041
  0.104603,  0.981302, -0.161572
  0.107300,  0.980428, -0.165071
  0.109997,  0.979538, -0.168540
  0.112693,  0.978634, -0.171977
  0.115387,  0.977715, -0.175383
  0.118079,  0.976782, -0.178758
  0.120770,  0.975835, -0.182101
  0.123457,  0.974875, -0.185412
  0.126141,  0.973901, -0.188691
  0.128822,  0.972915, -0.191938
  0.131499,  0.971917, -0.195154
  0.134171,  0.970907, -0.198337
  0.136839,  0.969885, -0.201488
  0.139501,  0.968853, -0.204607
  0.142158,  0.967809, -0.207693
  0.144809,  0.966755, -0.210748
  0.147453,  0.965691, -0.213770
  0.150090,  0.964618, -0.216760
  0.152720,  0.963536, -0.219718
  0.155343,  0.962444, -0.222643
  0.157957,  0.961344, -0.225536
  0.160562,  0.960237, -0.228398
  0.163159,  0.959121, -0.231227
  0.165746,  0.957998, -0.234024
  0.168323,  0.956869, -0.236790
  0.170891,  0.955733, -0.239524
  0.173447,  0.954590, -0.242226
  0.175993,  0.953442, -0.244896
  0.178527,  0.952289, -0.247535
  0.181050,  0.951131, -0.250143
  0.183561,  0.949968, -0.252719
  0.186059,  0.948800, -0.255265
  0.188544,  0.947629, -0.257779
  0.191017,  0.946454, -0.260263
  0.193475,  0.945276, -0.262716
  0.195920,  0.944096, -0.265138
  0.198351,  0.942913, -0.267531
  0.200768,  0.941727, -0.269893
  0.203169,  0.940540, -0.272225
  0.205556,  0.939352, -0.274527
  0.207927,  0.938162, -0.276799
  0.210282,  0.936972, -0.279042
  0.212622,  0.935781, -0.281256
  0.214945,  0.934591, -0.283440
  0.217252,  0.933400, -0.285596
  0.219543,  0.932211, -0.287723
  0.221816,  0.931022, -0.289821
  0.224072,  0.929834, -0.291890
  0.226311,  0.928648, -0.293931
  0.228532,  0.927464, -0.295944
  0.230735,  0.926283, -0.297929
  0.232921,  0.925103, -0.299886
  0.235088,  0.923927, -0.301816
  0.237237,  0.922754, -0.303718
  0.239367,  0.921584, -0.305593
  0.241479,  0.920418, -0.307440
  0.243572,  0.919256, -0.309260
  0.245646,  0.918098, -0.311054
  0.247701,  0.916945, -0.312820
  0.249738,  0.915796, -0.314560
  0.251754,  0.914653, -0.316274
  0.253752,  0.913516, -0.317961
  0.255730,  0.912384, -0.319621
  0.257689,  0.911258, -0.321256
  0.259628,  0.910138, -0.322864
  0.261547,  0.909025, -0.324447
  0.263448,  0.907919, -0.326003
  0.265328,  0.906820, -0.327534
  0.267189,  0.905728, -0.329039
  0.269030,  0.904644, -0.330519
  0.270851,  0.903567, -0.331973
  0.272653,  0.902499, -0.333401
  0.274435,  0.901438, -0.334805
  0.276198,  0.900387, -0.336182
  0.277941,  0.899344, -0.337535
  0.279665,  0.898310, -0.338862
  0.281369,  0.897285, -0.340164
  0.283053,  0.896269, -0.341441
  0.284718,  0.895264, -0.342693
  0.286364,  0.894268, -0.343919
  0.287991,  0.893282, -0.345121
  0.289599,  0.892307, -0.346297
  0.291187,  0.891341, -0.347448
  0.292757,  0.890387, -0.348575
  0.294308,  0.889444, -0.349676
  0.295840,  0.888511, -0.350752
  0.297353,  0.887590, -0.351803
  0.298848,  0.886680, -0.352828
  0.300325,  0.885782, -0.353829
  0.301784,  0.884896, -0.354805
  0.303224,  0.884021, -0.355755
  0.304647,  0.883159, -0.356680
  0.306051,  0.882309, -0.357580
  0.307439,  0.881471, -0.358454
  0.308808,  0.880647, -0.359303
  0.310161,  0.879834, -0.360127
  0.311496,  0.879035, -0.360926
  0.312815,  0.878249, -0.361698
  0.314116,  0.877476, -0.362446
  0.315402,  0.876716, -0.363167
  0.316670,  0.875970, -0.363863
  0.317923,  0.875237, -0.364533
  0.319159,  0.874519, -0.365177
  0.320380,  0.873813, -0.365796
  0.321585,  0.873122, -0.366388
  0.322775,  0.872445, -0.366955
  0.323950,  0.871782, -0.367495
  0.325109,  0.871133, -0.368009
  0.326254,  0.870499, -0.368497
  0.327384,  0.869879, -0.368958
  0.328500,  0.869274, -0.369393
  0.329601,  0.868683, -0.369802
  0.330689,  0.868106, -0.370184
  0.331763,  0.867545, -0.370539
  0.332823,  0.866998, -0.370867
  0.333870,  0.866466, -0.371169
  0.334905,  0.865949, -0.371444
  0.335926,  0.865447, -0.371692
  0.336934,  0.864960, -0.371912
  0.337931,  0.864489, -0.372106
  0.338915,  0.864032, -0.372272
  0.339887,  0.863590, -0.372411
  0.340847,  0.863163, -0.372522
  0.341796,  0.862752, -0.372606
  0.342733,  0.862355, -0.372662
  0.343660,  0.861974, -0.372691
  0.344575,  0.861608, -0.372692
  0.345480,  0.861257, -0.372665
  0.346375,  0.860921, -0.372611
  0.347260,  0.860601, -0.372528
  0.348134,  0.860295, -0.372418
  0.348999,  0.860005, -0.372279
  0.349854,  0.859729, -0.372112
  0.350700,  0.859469, -0.371917
  0.351537,  0.859224, -0.371694
  0.352365,  0.858993, -0.371443
  0.353185,  0.858777, -0.371163
  0.353996,  0.858577, -0.370854
  0.354799,  0.858391, -0.370518
  0.355594,  0.858219, -0.370152
  0.356381,  0.858062, -0.369758
  0.357161,  0.857920, -0.369336
  0.357934,  0.857792, -0.368885
  0.358699,  0.857679, -0.368405
  0.359457,  0.857579, -0.367897
  0.360209,  0.857494, -0.367359
  0.360954,  0.857423, -0.366793
  0.361693,  0.857366, -0.366199
  0.362426,  0.857323, -0.365575
  0.363153,  0.857293, -0.364923
  0.363875,  0.857277, -0.364241
  0.364591,  0.857274, -0.363531
  0.365301,  0.857284, -0.362792
  0.366007,  0.857308, -0.362025
  0.366708,  0.857345, -0.361228
  0.367404,  0.857394, -0.360403
  0.368095,  0.857456, -0.359549
  0.368783,  0.857530, -0.358666
  0.369466,  0.857617, -0.357754
  0.370145,  0.857716, -0.356813
  0.370820,  0.857827, -0.355844
  0.371492,  0.857950, -0.354846
  0.372161,  0.858084, -0.353820
  0.372826,  0.858230, -0.352765
  0.373488,  0.858386, -0.351681
  0.374147,  0.858554, -0.350569
  0.374804,  0.858733, -0.349428
  0.375458,  0.858922, -0.348259
  0.376110,  0.859121, -0.347062
  0.376760,  0.859331, -0.345836
  0.377407,  0.859550, -0.344583
  0.378053,  0.859779, -0.343301
  0.378697,  0.860018, -0.341991
  0.379339,  0.860266, -0.340653
  0.379980,  0.860522, -0.339288
  0.380620,  0.860788, -0.337895
  0.381259,  0.861061, -0.336474
  0.381897,  0.861343, -0.335026
  0.382534,  0.861633, -0.333550
  0.383170,  0.861931, -0.332048
  0.383806,  0.862236, -0.330518
  0.384441,  0.862548, -0.328961
  0.385076,  0.862867, -0.327377
  0.385711,  0.863193, -0.325767
  0.386346,  0.863525, -0.324130
  0.386981,  0.863864, -0.322467
  0.387617,  0.864208, -0.320778
  0.388253,  0.864557, -0.319062
  0.388889,  0.864912, -0.317321
  0.389526,  0.865272, -0.315554
  0.390164,  0.865636, -0.313762
  0.390803,  0.866005, -0.311944
  0.391442,  0.866378, -0.310102
  0.392083,  0.866754, -0.308234
  0.392725,  0.867134, -0.306342
  0.393368,  0.867518, -0.304425
  0.394013,  0.867904, -0.302484
  0.394659,  0.868293, -0.300519
  0.395307,  0.868684, -0.298530
  0.395956,  0.869078, -0.296518
  0.396608,  0.869473, -0.294482
  0.397261,  0.869869, -0.292424
  0.397916,  0.870267, -0.290342
  0.398573,  0.870665, -0.288238
  0.399233,  0.871064, -0.286112
  0.399894,  0.871464, -0.283964
  0.400558,  0.871863, -0.281794
  0.401225,  0.872262, -0.279603
  0.401894,  0.872660, -0.277390
  0.402565,  0.873058, -0.275157
  0.403239,  0.873454, -0.272903
  0.403916,  0.873849, -0.270629
  0.404595,  0.874242, -0.268336
  0.405277,  0.874633, -0.266022
  0.405962,  0.875022, -0.263689
  0.406650,  0.875408, -0.261338
  0.407341,  0.875791, -0.258968
  0.408035,  0.876171, -0.256579
  0.408732,  0.876547, -0.254173
  0.409432,  0.876920, -0.251749
  0.410135,  0.877288, -0.249308
  0.410841,  0.877653, -0.246850
  0.411551,  0.878013, -0.244375
  0.412264,  0.878368, -0.241885
  0.412980,  0.878718, -0.239378
  0.413699,  0.879063, -0.236857
  0.414422,  0.879402, -0.234320
  0.415148,  0.879736, -0.231769
  0.415878,  0.880063, -0.229203
  0.416611,  0.880384, -0.226624
  0.417347,  0.880699, -0.224031
  0.418087,  0.881007, -0.221426
  0.418831,  0.881308, -0.218807
  0.419577,  0.881602, -0.216177
  0.420327,  0.881889, -0.213534
  0.421081,  0.882168, -0.210881
  0.421838,  0.882439, -0.208216
  0.422599,  0.882702, -0.205541
  0.423362,  0.882957, -0.202855
  0.424130,  0.883204, -0.200160
  0.424900,  0.883442, -0.197456
  0.425675,  0.883672, -0.194743
  0.426452,  0.883893, -0.192021
  0.427233,  0.884104, -0.189292
  0.428017,  0.884307, -0.186555
  0.428804,  0.884500, -0.183811
  0.429595,  0.884684, -0.181060
  0.430389,  0.884858, -0.178303
  0.431186,  0.885022, -0.175540
  0.431986,  0.885177, -0.172772
  0.432789,  0.885321, -0.169998
  0.433595,  0.885456, -0.167221
  0.434404,  0.885580, -0.164439
  0.435217,  0.885694, -0.161654
  0.436031,  0.885798, -0.158865
  0.436849,  0.885891, -0.156074
  0.437670,  0.885974, -0.153281
  0.438493,  0.886047, -0.150485
  0.439318,  0.886108, -0.147688
  0.440146,  0.886159, -0.144890
  0.440977,  0.886199, -0.142092
  0.441810,  0.886229, -0.139293
  0.442645,  0.886248, -0.136495
  0.443482,  0.886256, -0.133698
  0.444321,  0.886253, -0.130901
  0.445162,  0.886239, -0.128106
  0.446005,  0.886215, -0.125313
  0.446850,  0.886179, -0.122522
  0.447696,  0.886133, -0.119734
  0.448544,  0.886076, -0.116949
  0.449393,  0.886009, -0.114168
  0.450243,  0.885931, -0.111391
  0.451095,  0.885842, -0.108617
  0.451947,  0.885742, -0.105849
  0.452801,  0.885632, -0.103086
  0.453655,  0.885512, -0.100328
  0.454510,  0.885381, -0.097575
  0.455365,  0.885240, -0.094829
  0.456220,  0.885089, -0.092090
  0.457076,  0.884928, -0.089357
  0.457931,  0.884756, -0.086631
  0.458787,  0.884575, -0.083913
  0.459642,  0.884384, -0.081203
  0.460496,  0.884184, -0.078500
  0.461350,  0.883974, -0.075806
  0.462203,  0.883754, -0.073121
  0.463055,  0.883526, -0.070445
  0.463905,  0.883288, -0.067778
  0.464755,  0.883042, -0.065121
  0.465602,  0.882786, -0.062473
  0.466448,  0.882523, -0.059835
  0.467292,  0.882250, -0.057208
  0.468133,  0.881970, -0.054591
  0.468973,  0.881681, -0.051985
  0.469809,  0.881385, -0.049390
  0.470643,  0.881081, -0.046805
  0.471474,  0.880770, -0.044233
  0.472301,  0.880452, -0.041671
  0.473125,  0.880126, -0.039122
  0.473946,  0.879794, -0.036584
  0.474762,  0.879455, -0.034058
  0.475574,  0.879110, -0.031544
  0.476382,  0.878759, -0.029042
  0.477185,  0.878402, -0.026553
  0.477983,  0.878039, -0.024076
  0.478777,  0.877671, -0.021612
  0.479564,  0.877298, -0.019160
  0.480346,  0.876919, -0.016720
  0.481123,  0.876537, -0.014294
  0.481893,  0.876150, -0.011880
  0.482657,  0.875758, -0.009478
  0.483414,  0.875363, -0.007090
  0.484164,  0.874964, -0.004714
  0.484907,  0.874562, -0.002351
  0.485643,  0.874157, -0.000000
  0.486371,  0.873749,  0.002338
  0.487091,  0.873339,  0.004663
  0.487803,  0.872926,  0.006976
  0.488506,  0.872511,  0.009277
  0.489200,  0.872095,  0.011565
  0.489886,  0.871677,  0.013841
  0.490562,  0.871258,  0.016105
  0.491228,  0.870837,  0.018356
  0.491885,  0.870417,  0.020597
  0.492531,  0.869995,  0.022825
  0.493167,  0.869574,  0.025042
  0.493792,  0.869153,  0.027248
  0.494407,  0.868732,  0.029442
  0.495010,  0.868312,  0.031626
  0.495601,  0.867892,  0.033799
  0.496180,  0.867474,  0.035961
  0.496748,  0.867058,  0.038114
  0.497303,  0.866643,  0.040256
  0.497845,  0.866230,  0.042389
  0.498374,  0.865819,  0.044512
  0.498890,  0.865410,  0.046626
  0.499392,  0.865004,  0.048732
  0.499881,  0.864601,  0.050828
  0.500355,  0.864201,  0.052917
  0.500816,  0.863805,  0.054998
  0.501261,  0.863412,  0.057071
  0.501692,  0.863023,  0.059137
  0.502107,  0.862637,  0.061196
  0.502507,  0.862256,  0.063249
  0.502891,  0.861880,  0.065295
  0.503260,  0.861508,  0.067336
  0.503612,  0.861140,  0.069371
  0.503947,  0.860778,  0.071401
  0.504266,  0.860421,  0.073427
  0.504568,  0.860069,  0.075449
  0.504853,  0.859722,  0.077466
  0.505120,  0.859381,  0.079481
  0.505370,  0.859046,  0.081492
  0.505601,  0.858717,  0.083501
  0.505815,  0.858394,  0.085507
  0.506010,  0.858077,  0.087512
  0.506186,  0.857766,  0.089516
  0.506343,  0.857462,  0.091519
  0.506482,  0.857164,  0.093521
  0.506601,  0.856873,  0.095523
  0.506701,  0.856588,  0.097525
  0.506781,  0.856310,  0.099529
  0.506841,  0.856039,  0.101533
  0.506882,  0.855775,  0.103539
  0.506902,  0.855518,  0.105548
  0.506901,  0.855267,  0.107558
  0.506880,  0.855024,  0.109572
  0.506839,  0.854788,  0.111589
  0.506776,  0.854559,  0.113609
  0.506693,  0.854337,  0.115633
  0.506588,  0.854122,  0.117662
  0.506462,  0.853914,  0.119696
  0.506314,  0.853713,  0.121735
  0.506145,  0.853520,  0.123779
  0.505955,  0.853333,  0.125829
  0.505742,  0.853153,  0.127885
  0.505508,  0.852980,  0.129948
  0.505251,  0.852814,  0.132018
  0.504973,  0.852655,  0.134095
  0.504672,  0.852503,  0.136179
  0.504349,  0.852357,  0.138271
  0.504004,  0.852218,  0.140370
  0.503636,  0.852086,  0.142478
  0.503246,  0.851960,  0.144595
  0.502834,  0.851840,  0.146720
  0.502399,  0.851727,  0.148854
  0.501941,  0.851619,  0.150997
  0.501461,  0.851518,  0.153149
  0.500958,  0.851422,  0.155310
  0.500433,  0.851332,  0.157481
  0.499885,  0.851248,  0.159661
  0.499314,  0.851170,  0.161851
  0.498721,  0.851096,  0.164051
  0.498105,  0.851028,  0.166261
  0.497467,  0.850965,  0.168480
  0.496806,  0.850907,  0.170710
  0.496122,  0.850853,  0.172949
  0.495417,  0.850804,  0.175198
  0.494688,  0.850760,  0.177456
  0.493938,  0.850720,  0.179725
  0.493165,  0.850684,  0.182003
  0.492370,  0.850652,  0.184290
  0.491554,  0.850624,  0.186587
  0.490715,  0.850599,  0.188893
  0.489854,  0.850578,  0.191208
  0.488971,  0.850560,  0.193532
  0.488067,  0.850546,  0.195864
  0.487141,  0.850534,  0.198205
  0.486194,  0.850526,  0.200554
  0.485225,  0.850520,  0.202911
  0.484236,  0.850516,  0.205275
  0.483225,  0.850516,  0.207646
  0.482193,  0.850517,  0.210025
  0.481141,  0.850521,  0.212409
  0.480068,  0.850527,  0.214800
  0.478975,  0.850534,  0.217197
  0.477861,  0.850544,  0.219599
  0.476728,  0.850555,  0.222006
  0.475574,  0.850568,  0.224417
  0.474401,  0.850583,  0.226832
  0.473209,  0.850598,  0.229251
  0.471997,  0.850616,  0.231672
  0.470766,  0.850634,  0.234096
  0.469516,  0.850654,  0.236522
  0.468248,  0.850675,  0.238949
  0.466961,  0.850697,  0.241376
  0.465656,  0.850720,  0.243804
  0.464333,  0.850744,  0.246232
  0.462992,  0.850769,  0.248658
  0.461634,  0.850795,  0.251083
  0.460258,  0.850822,  0.253506
  0.458865,  0.850850,  0.255925
  0.457456,  0.850878,  0.258341
  0.456029,  0.850908,  0.260753
  0.454587,  0.850939,  0.263160
  0.453129,  0.850971,  0.265561
  0.451654,  0.851004,  0.267956
  0.450164,  0.851038,  0.270345
  0.448659,  0.851073,  0.272725
  0.447139,  0.851110,  0.275098
  0.445604,  0.851148,  0.277461
  0.444055,  0.851187,  0.279815
  0.442491,  0.851228,  0.282158
  0.440913,  0.851270,  0.284490
  0.439322,  0.851314,  0.286811
  0.437717,  0.851360,  0.289119
  0.436099,  0.851408,  0.291413
  0.434468,  0.851458,  0.293694
  0.432824,  0.851511,  0.295961
  0.431169,  0.851565,  0.298212
  0.429501,  0.851623,  0.300447
  0.427821,  0.851682,  0.302665
  0.426130,  0.851745,  0.304866
  0.424427,  0.851811,  0.307050
  0.422714,  0.851880,  0.309214
  0.420989,  0.851953,  0.311359
  0.419255,  0.852029,  0.313484
  0.417510,  0.852109,  0.315589
  0.415756,  0.852192,  0.317672
  0.413991,  0.852280,  0.319733
  0.412218,  0.852373,  0.321772
  0.410435,  0.852470,  0.323788
  0.408644,  0.852571,  0.325779
  0.406844,  0.852678,  0.327747
  0.405036,  0.852790,  0.329689
  0.403219,  0.852908,  0.331606
  0.401395,  0.853031,  0.333497
  0.399564,  0.853160,  0.335361
  0.397725,  0.853295,  0.337198
  0.395880,  0.853436,  0.339007
  0.394027,  0.853584,  0.340788
  0.392168,  0.853739,  0.342540
  0.390303,  0.853901,  0.344263
  0.388432,  0.854069,  0.345956
  0.386556,  0.854246,  0.347619
  0.384674,  0.854430,  0.349251
  0.382786,  0.854621,  0.350852
  0.380894,  0.854821,  0.352421
  0.378996,  0.855029,  0.353958
  0.377094,  0.855246,  0.355463
  0.375188,  0.855471,  0.356935
  0.373278,  0.855705,  0.358374
  0.371364,  0.855949,  0.359779
  0.369446,  0.856201,  0.361150
  0.367525,  0.856463,  0.362487
  0.365600,  0.856735,  0.363789
  0.363673,  0.857016,  0.365056
  0.361742,  0.857307,  0.366287
  0.359809,  0.857609,  0.367483
  0.357874,  0.857921,  0.368643
  0.355936,  0.858243,  0.369767
  0.353996,  0.858577,  0.370854
  0.352054,  0.858921,  0.371905
  0.350111,  0.859275,  0.372918
  0.348166,  0.859641,  0.373894
  0.346220,  0.860019,  0.374833
  0.344272,  0.860407,  0.375734
  0.342323,  0.860807,  0.376597
  0.340374,  0.861219,  0.377422
  0.338423,  0.861643,  0.378208
  0.336473,  0.862078,  0.378956
  0.334521,  0.862525,  0.379666
  0.332570,  0.862984,  0.380336
  0.330618,  0.863455,  0.380968
  0.328666,  0.863939,  0.381560
  0.326714,  0.864434,  0.382113
  0.324763,  0.864942,  0.382627
  0.322812,  0.865463,  0.383102
  0.320861,  0.865995,  0.383536
  0.318911,  0.866540,  0.383931
  0.316962,  0.867098,  0.384287
  0.315013,  0.867668,  0.384602
  0.313065,  0.868251,  0.384878
  0.311118,  0.868846,  0.385113
  0.309173,  0.869454,  0.385309
  0.307228,  0.870074,  0.385464
  0.305285,  0.870707,  0.385579
  0.303343,  0.871352,  0.385654
  0.301402,  0.872010,  0.385689
  0.299463,  0.872680,  0.385684
  0.297525,  0.873363,  0.385638
  0.295589,  0.874058,  0.385552
  0.293654,  0.874765,  0.385426
  0.291722,  0.875485,  0.385259
  0.289791,  0.876217,  0.385052
  0.287861,  0.876961,  0.384805
  0.285934,  0.877717,  0.384518
  0.284008,  0.878486,  0.384191
  0.282084,  0.879266,  0.383823
  0.280162,  0.880058,  0.383415
  0.278243,  0.880861,  0.382968
  0.276325,  0.881677,  0.382480
  0.274409,  0.882504,  0.381952
  0.272495,  0.883342,  0.381384
  0.270583,  0.884191,  0.380776
  0.268673,  0.885052,  0.380129
  0.266765,  0.885924,  0.379441
  0.264859,  0.886806,  0.378714
  0.262955,  0.887700,  0.377948
  0.261053,  0.888603,  0.377141
  0.259153,  0.889518,  0.376296
  0.257255,  0.890442,  0.375411
  0.255359,  0.891376,  0.374486
  0.253464,  0.892321,  0.373523
  0.251572,  0.893275,  0.372520
  0.249682,  0.894239,  0.371479
  0.247793,  0.895212,  0.370398
  0.245906,  0.896194,  0.369279
  0.244021,  0.897185,  0.368121
  0.242138,  0.898185,  0.366925
  0.240256,  0.899193,  0.365690
  0.238376,  0.900210,  0.364417
  0.236497,  0.901234,  0.363105
  0.234620,  0.902267,  0.361756
  0.232745,  0.903307,  0.360369
  0.230870,  0.904355,  0.358944
  0.228997,  0.905410,  0.357481
  0.227126,  0.906472,  0.355980
  0.225255,  0.907541,  0.354443
  0.223386,  0.908616,  0.352868
  0.221518,  0.909697,  0.351256
  0.219650,  0.910785,  0.349607
  0.217784,  0.911878,  0.347921
  0.215918,  0.912976,  0.346199
  0.214053,  0.914080,  0.344440
  0.212189,  0.915189,  0.342645
  0.210325,  0.916302,  0.340813
  0.208461,  0.917420,  0.338946
  0.206598,  0.918542,  0.337043
  0.204735,  0.919668,  0.335104
  0.202872,  0.920797,  0.333129
  0.201010,  0.921930,  0.331120
  0.199147,  0.923066,  0.329075
  0.197284,  0.924204,  0.326995
  0.195421,  0.925345,  0.324880
  0.193557,  0.926488,  0.322730
  0.191693,  0.927633,  0.320547
  0.189828,  0.928780,  0.318328
  0.187962,  0.929928,  0.316076
  0.186096,  0.931077,  0.313790
  0.184228,  0.932227,  0.311470
  0.182360,  0.933377,  0.309116
  0.180490,  0.934527,  0.306730
  0.178619,  0.935677,  0.304310
  0.176746,  0.936826,  0.301857
  0.174872,  0.937975,  0.299371
  0.172996,  0.939123,  0.296853
  0.171118,  0.940269,  0.294302
  0.169238,  0.941413,  0.291719
  0.167355,  0.942556,  0.289104
  0.165471,  0.943696,  0.286457
  0.163584,  0.944833,  0.283779
  0.161695,  0.945968,  0.281069
  0.159802,  0.947099,  0.278328
  0.157907,  0.948227,  0.275556
  0.156009,  0.949351,  0.272754
  0.154108,  0.950470,  0.269921
  0.152203,  0.951585,  0.267057
  0.150295,  0.952696,  0.264163
  0.148384,  0.953801,  0.261240
  0.146469,  0.954901,  0.258286
  0.144550,  0.955995,  0.255303
  0.142626,  0.957083,  0.252291
  0.140699,  0.958164,  0.249250
  0.138767,  0.959239,  0.246179
  0.136831,  0.960307,  0.243081
  0.134890,  0.961367,  0.239953
  0.132945,  0.962420,  0.236798
  0.130994,  0.963465,  0.233614
  0.129039,  0.964502,  0.230403
  0.127078,  0.965530,  0.227164
  0.125112,  0.966549,  0.223897
  0.123140,  0.967559,  0.220604
  0.121163,  0.968560,  0.217283
  0.119179,  0.969550,  0.213936
  0.117190,  0.970531,  0.210562
  0.115195,  0.971501,  0.207163
  0.113193,  0.972460,  0.203737
  0.111185,  0.973408,  0.200285
  0.109171,  0.974345,  0.196808
  0.107149,  0.975270,  0.193305
  0.105121,  0.976184,  0.189777
  0.103086,  0.977084,  0.186224
  0.101044,  0.977973,  0.182647
  0.098994,  0.978848,  0.179045
  0.096938,  0.979710,  0.175418
  0.094873,  0.980558,  0.171768
  0.092801,  0.981393,  0.168094
  0.090721,  0.982214,  0.164397
  0.088633,  0.983020,  0.160676
  0.086537,  0.983811,  0.156932
  0.084433,  0.984587,  0.153165
  0.082321,  0.985348,  0.149375
  0.080200,  0.986093,  0.145563
  0.078070,  0.986822,  0.141729
  0.075932,  0.987535,  0.137873
  0.073785,  0.988231,  0.133996
  0.071629,  0.988911,  0.130096
  0.069465,  0.989573,  0.126176
  0.067291,  0.990217,  0.122235
  0.065108,  0.990844,  0.118273
  0.062915,  0.991453,  0.114290
  0.060714,  0.992044,  0.110288
  0.058502,  0.992615,  0.106265
  0.056282,  0.993168,  0.102222
  0.054051,  0.993702,  0.098161
  0.051811,  0.994216,  0.094079
  0.049561,  0.994710,  0.089979
  0.047302,  0.995184,  0.085861
  0.045032,  0.995637,  0.081723
  0.042753,  0.996070,  0.077568
  0.040463,  0.996482,  0.073395
  0.038164,  0.996872,  0.069204
  0.035854,  0.997241,  0.064996
  0.033535,  0.997588,  0.060771
  0.031205,  0.997913,  0.056529
  0.028865,  0.998216,  0.052271
  0.026515,  0.998496,  0.047996
  0.024155,  0.998752,  0.043706
  0.021785,  0.998986,  0.039400
  0.019405,  0.999196,  0.035079
  0.017014,  0.999383,  0.030743
  0.014613,  0.999545,  0.026392
  0.012203,  0.999683,  0.022027
  0.009782,  0.999796,  0.017648
  0.007351,  0.999885,  0.013255
  0.004911,  0.999949,  0.008850
